0	40.16967799	7.529327127
1	15.04078885	19.12122018
2	12.90794186	27.27216821
3	44.2588232	11.84469957
4	32.4040052	37.23849143
5	11.59198874	30.90749075
6	29.8064204	51.4504042
7	30.48745563	46.86902561
8	19.03998165	14.78332904
9	10.6342484	11.45545761
10	52.79886364	51.83182357
11	37.21859832	6.602533893
12	32.98782112	41.78756599
13	14.1677785	11.77815504
14	20.07747334	15.80329885
15	53.75839397	53.28000397
16	62.24060384	50.52488179
17	26.19142195	36.6448024
18	9.69675832	19.27685396
19	30.09337832	9.560140956
20	49.43944773	12.9628853
21	18.44478265	19.61348029
22	30.160114	39.20545044
23	10.31695296	27.77440592
24	26.79219724	35.97886133
25	28.81519292	32.95042897
26	33.46314864	10.60615832
27	43.70180757	9.186455112
28	30.75079085	37.48360389
29	30.23905971	37.04897696
30	31.69504392	38.54742626
31	53.35048693	46.95990448
32	39.99302269	6.847016102
33	41.84098045	10.82464674
34	9.316907024	29.70080313
35	28.28773194	37.01304979
36	46.22141874	7.790322803
37	53.82473115	52.61697768
38	14.16682969	14.43655677
39	36.08313782	8.485350937
40	63.50180276	49.43455874
41	32.57557465	39.6588067
42	14.10414632	14.71679102
43	59.24775321	50.00037442
44	17.13892874	16.68623105
45	9.978048896	10.08875401
46	44.53937721	11.61863759
47	31.01715477	25.59610967
48	29.00769815	47.56379522
49	35.2610984	8.924267169
50	16.26426872	15.39739191
51	39.45805176	10.20853291
52	30.88466548	41.49839277
53	37.27628442	7.111243579
54	18.83335421	15.47420828
55	46.41904557	7.755840221
56	62.82987726	48.20390569
57	56.0687895	49.45758691
58	8.326076054	30.46047001
59	31.41185042	33.94202671
60	14.55972628	13.13078447
61	28.79895791	46.19473941
62	63.822364	42.55431278
63	36.13337715	34.30706496
64	47.30474434	11.33511787
65	62.3831224	47.17327852
66	36.34600526	13.86414093
67	56.75276066	54.85154663
68	30.36113705	34.63611009
69	13.53419358	29.89752828
70	36.66725631	10.38579613
71	30.96978067	38.02558892
72	42.74266208	8.96848233
73	10.3591573	33.3061169
74	10.72363015	31.55072315
75	55.23687306	51.27592886
76	29.63867799	39.98661928
77	43.20883752	13.28558859
78	43.67819923	13.32986869
79	36.55650556	10.28677034
80	31.12044035	34.07688554
81	41.8760323	7.724876732
82	16.85656932	9.624175894
83	44.0570255	13.34049567
84	33.48111038	8.69802635
85	63.93879324	49.003289
86	12.13104615	14.32875924
87	31.52053271	33.391634
88	39.46109932	13.32730634
89	10.71865141	35.99893044
90	5.409490185	31.51880627
91	37.90111611	8.896622167
92	28.31023336	39.973152
93	30.7112877	39.47692926
94	44.81129086	14.08003131
95	9.790261485	26.08891464
96	32.3425091	34.59192214
97	12.62876477	25.25324036
98	13.84475716	15.82624
99	42.12484209	10.92049822
100	42.7160119	12.0528112
101	27.72097243	35.99365034
102	33.82210793	5.51906324
103	24.85297832	47.16896047
104	14.63308797	16.8721652
105	29.44804802	42.78605692
106	34.72402781	5.353745142
107	31.96730078	42.3998321
108	33.11435856	38.74232621
109	18.54853442	16.33413616
110	28.67245349	36.7846219
111	54.8156652	50.55142959
112	44.39143759	12.40040452
113	38.39000277	38.29442066
114	30.49253926	44.77095343
115	31.15834295	41.69847473
116	18.88488679	16.71762209
117	19.19445022	12.18973392
118	17.03488591	11.86275623
119	41.37763941	9.638333699
120	30.78426801	36.88211764
121	29.40482532	43.00478912
122	41.50067696	12.50593282
123	13.93528178	14.61862477
124	14.1461009	15.90439878
125	10.93939084	19.89591185
126	14.9573528	17.76235584
127	47.31917637	6.30038283
128	50.40983449	47.61102882
129	10.64044086	28.19329248
130	46.50289613	9.469677739
131	33.6916005	43.05425765
132	36.34415821	9.144519771
133	29.07351004	13.23809134
134	28.38223694	35.98259366
135	41.85659923	11.80689307
136	61.93162825	51.43035492
137	10.11173364	24.48749047
138	60.83364082	48.92222333
139	11.78343481	30.01614649
140	7.809724455	30.4819113
141	31.52566739	39.44582684
142	13.2020599	16.50566784
143	12.96975794	13.98812749
144	34.4293371	10.3921502
145	42.83514955	13.78305716
146	29.29784158	48.00929381
147	17.34818094	12.16815384
148	28.60348414	39.12567467
149	37.09673955	5.434506708
150	32.07874793	37.17991775
151	48.23917395	8.870060387
152	43.9690295	10.02327411
153	11.41983013	27.71958807
154	42.71695476	12.57590327
155	15.10551274	16.72667411
156	38.76253563	9.422894605
157	14.08891726	28.33761174
158	66.16423397	45.91163248
159	38.85608712	8.445454241
160	44.54760174	7.980604323
161	66.95466073	53.42925664
162	33.67078303	10.33030941
163	62.35775226	52.16534369
164	39.94916185	4.976823463
165	14.60074553	30.86291779
166	59.73556044	49.75982082
167	37.37250577	9.291506615
168	32.47407731	49.59431986
169	12.62308453	24.10425891
170	29.14771733	39.72999809
171	15.45546109	15.123882
172	60.9273173	51.88188284
173	32.78561372	33.85665114
174	30.03121043	43.85609752
175	9.638157083	28.44007769
176	36.97539291	9.012865342
177	31.84338903	10.11202314
178	9.700749934	31.76091846
179	29.45184859	41.18921713
180	28.82469309	41.23856858
181	32.19314605	40.91668554
182	48.58326501	7.981962685
183	60.64119912	48.10506614
184	41.87823314	12.6690747
185	8.62364103	29.18134276
186	15.96797271	33.74006194
187	31.06559463	41.39309359
188	8.440826401	27.11755303
189	12.60191662	26.1884975
190	33.37092561	11.92810036
191	9.387339478	26.78837027
192	9.145661454	27.88856033
193	31.68462883	41.54363762
194	30.38551471	44.91828828
195	30.08594611	39.78449294
196	8.063318198	35.97949962
197	43.87428386	10.54217182
198	10.32658724	28.2439231
199	32.26846163	43.09290983
200	52.52231544	9.295132197
201	33.83463593	13.10303303
202	17.85897316	15.42364607
203	13.82542531	14.28551649
204	34.04215069	7.945715399
205	28.49410468	37.98773052
206	30.91413783	39.82437605
207	30.90689776	44.61542947
208	43.10717445	9.218541803
209	38.89104337	8.663175155
210	25.74151864	8.001451389
211	31.4621421	40.23573714
212	28.10727151	24.43609137
213	31.12391129	36.03951969
214	57.20779864	46.18875843
215	37.58120737	10.4257048
216	6.871734112	28.73118383
217	37.95392648	10.77036896
218	13.89399022	34.17310398
219	15.98815565	23.49862224
220	18.61288645	12.93132098
221	29.69094563	39.76659242
222	36.13019887	12.84711927
223	11.28445654	18.22295365
224	23.060148	13.6045042
225	41.70191572	14.40147054
226	34.79867094	7.93249787
227	17.12578546	15.18614236
228	17.65880519	17.53133812
229	26.57181822	46.24625336
230	11.67958077	15.33479774
231	39.65990828	8.808489463
232	40.24100651	9.583239521
233	42.53834684	11.89466161
234	37.19044327	9.509471035
235	40.58706394	7.498857505
236	19.99989578	15.03931682
237	44.43267158	13.24526404
238	41.57805799	6.817049695
239	28.62336597	39.80373019
240	28.96004261	40.51157889
241	17.63359368	14.05390075
242	40.79562946	14.86072131
243	32.96876849	33.93373614
244	16.88699633	17.78191759
245	11.91898983	33.78218704
246	11.44659776	16.11037264
247	65.76201594	46.39523551
248	46.11619994	8.539980367
249	10.91835924	30.84934393
250	49.05628508	6.738450279
251	15.33293155	14.00679383
252	37.26876976	10.55202943
253	7.36703219	31.82952722
254	9.542000855	32.34640179
255	10.21543431	29.32480062
256	16.31381305	17.15414574
257	12.38903935	29.11692919
258	62.07887477	51.52284241
259	34.84676392	10.44227039
260	30.15662919	34.94438102
261	32.86580721	41.50493667
262	22.51975297	21.23001897
263	39.6008587	15.04145113
264	33.65095764	8.314510981
265	38.58083487	7.895104383
266	34.77103331	44.93213335
267	33.15977847	43.3790442
268	12.63854847	16.51182786
269	61.6289756	45.88616536
270	20.32822683	10.37218241
271	34.12223141	32.98867666
272	36.35163674	10.50693828
273	39.74293233	5.576729402
274	28.49731859	42.04512856
275	10.94917051	31.26899076
276	38.81691551	4.24291447
277	16.80635237	17.44426509
278	6.953535391	27.26678414
279	37.00178472	13.2900262
280	44.84659027	7.833980506
281	9.54635191	29.90582539
282	59.6618395	46.31193774
283	13.2432457	13.0642781
284	24.12427619	14.27613773
285	28.14833953	10.47719166
286	58.71935961	48.54243956
287	51.1051214	11.22376748
288	32.52776758	46.15782028
289	9.3048477	27.41927522
290	7.499792903	32.49783214
291	31.95425297	10.39543559
292	14.73885797	17.18469437
293	25.76279116	47.81152233
294	30.87693338	49.8586011
295	14.83841226	16.26341811
296	30.70067738	37.26545601
297	10.57970839	32.28241024
298	24.90944221	33.04440546
299	43.80407377	11.21538044
300	30.28881716	34.76141321
301	60.36559049	48.25967286
302	26.49453976	41.0007891
303	58.35320717	53.04448008
304	6.992722022	14.35901466
305	39.98997727	10.55508683
306	62.67861978	50.68783695
307	40.8269887	8.71697503
308	14.42530565	15.77359218
309	36.89342398	11.83282484
310	16.89690875	12.83613579
311	34.69531075	6.183416973
312	15.11563597	21.74533465
313	42.51954298	9.653623102
314	33.40206729	38.52229141
315	66.08068311	49.90620271
316	29.83026675	41.89181001
317	38.34278641	9.433357064
318	44.52077989	8.503388011
319	28.71943546	14.52393827
320	29.9854425	35.45024848
321	43.19198914	4.755327472
322	31.20211305	42.55845252
323	31.81479328	41.57454707
324	29.84243422	42.39459321
325	10.48107055	29.78091929
326	30.8852898	36.60031509
327	33.56168314	10.80065566
328	17.4094649	10.15393181
329	44.52302389	11.38786698
330	31.56514816	41.97050218
331	32.45986654	45.44607838
332	30.38058976	40.47683999
333	31.07844714	39.67552836
334	13.74111724	15.83275183
335	9.356766648	28.53735083
336	44.9158527	11.76806246
337	11.31375712	15.87962652
338	15.28456897	15.96158915
339	11.45155505	13.11377175
340	37.40096802	7.940755821
341	31.78773921	37.46005226
342	58.52468223	52.3345517
343	14.30829929	19.77958289
344	31.14254362	45.58309635
345	29.12072789	40.94870655
346	19.89653863	17.4693087
347	43.08499078	12.32628691
348	30.97426444	33.35466648
349	19.74831421	15.56908719
350	17.79514472	16.02422351
351	13.0236394	27.54273131
352	24.41575945	37.59811923
353	58.51914527	47.30327728
354	13.14366816	14.42101149
355	59.44902106	48.81479109
356	18.56874615	18.5085184
357	11.92504845	16.92485594
358	55.61301397	48.54409704
359	48.23300371	8.897734119
360	45.82837385	10.16922615
361	34.74871348	6.309440551
362	55.99381449	51.40115956
363	59.35720881	45.59997353
364	32.63302833	42.75727883
365	30.64474252	47.23714267
366	43.33642989	5.300324279
367	46.93965233	11.86684709
368	25.963566	35.16327442
369	38.10652072	6.187867908
370	32.22775111	39.21374686
371	63.23827814	49.56110014
372	22.97047605	13.71987238
373	63.95185452	50.47403315
374	38.25163779	9.168423284
375	33.99814762	31.86762333
376	47.05363104	8.466251002
377	25.95916215	38.50155175
378	29.6606624	45.44959414
379	7.652191281	32.52810958
380	34.87514075	9.553405579
381	8.355400166	26.79804636
382	9.383146176	31.36087121
383	40.60149242	10.69477508
384	27.76025015	38.04507102
385	16.79344142	15.25473537
386	10.53824208	29.27367163
387	13.26655048	11.80465965
388	35.2712874	9.56426734
389	40.97218462	10.67797188
390	29.37356879	41.45466543
391	42.4417678	8.320162822
392	33.45370404	12.87666996
393	27.62058775	41.21101667
394	12.94846581	4.239041356
395	65.58323917	44.61638431
396	26.44419856	42.54782436
397	9.619270567	32.06312488
398	30.06985239	12.75397062
399	11.30327844	30.28413539
400	40.09819136	7.871014391
401	28.86622484	37.72130279
402	43.39486157	7.329583844
403	24.11309428	39.50406291
404	16.61804023	11.17435879
405	10.67665721	12.84442909
406	45.96012092	6.159939979
407	27.15381182	40.74098214
408	44.28658616	10.74809339
409	16.66144149	13.22668272
410	27.56936438	46.03305296
411	17.49153433	11.85454668
412	54.14775194	50.82092114
413	7.694198989	16.53705818
414	53.09098574	13.58505912
415	52.92933308	51.48023929
416	29.29374562	50.62235921
417	40.9918501	7.788277499
418	46.22917014	10.94966017
419	33.49297107	9.418079772
420	27.79732507	32.21333149
421	42.84423655	11.13470124
422	18.62834175	16.41315685
423	27.0208548	33.9088606
424	20.96959092	14.06892114
425	17.92913296	20.97099994
426	59.34474619	49.1804408
427	15.74705278	15.46511199
428	13.41579268	15.35089475
429	60.58480558	52.21976533
430	28.15047788	32.72871666
431	43.73108095	10.77262387
432	32.82523722	42.23385566
433	21.21033064	19.49842285
434	10.92538269	20.11532503
435	30.38306546	39.17966863
436	29.14130586	38.34465696
437	44.4867149	9.432468948
438	37.87355099	6.773697887
439	13.12190292	35.42793526
440	6.927091902	28.30016289
441	28.03523352	37.65524374
442	28.14769872	35.89315333
443	37.02823182	13.43089401
444	13.55838644	18.7124022
445	29.84837691	40.28598084
446	61.8252496	47.4470683
447	27.50804572	38.85035795
448	7.900349824	34.18180181
449	35.15483966	36.41034576
450	9.857733244	14.76687857
451	53.61246154	48.35165607
452	12.83399388	19.49816812
453	27.57570224	44.50552797
454	35.06779776	10.43899638
455	38.23041894	12.51270689
456	14.01048573	20.77153617
457	14.68603639	22.23950417
458	45.36184576	9.987519346
459	30.8538055	43.13238222
460	13.90068734	15.82669019
461	41.34364725	10.02004824
462	26.38524484	44.32537028
463	14.7030932	30.24347874
464	38.68303611	14.58500493
465	14.44533996	12.68620098
466	41.32567914	9.896108465
467	40.19956896	10.258539
468	14.73610892	16.79002619
469	10.92268825	33.19303989
470	64.11717844	51.80070719
471	18.3692457	16.77180779
472	47.72905652	11.07901834
473	40.71474455	12.90133163
474	28.53999338	41.84598988
475	72.89989918	50.15740313
476	11.5696475	19.63225029
477	40.78341756	5.566009987
478	27.98637098	40.06438627
479	11.28363487	23.67166716
480	8.449403246	29.74393235
481	63.59498506	51.06735279
482	41.218407	8.803446543
483	47.5294727	10.33389081
484	64.69701022	54.03619735
485	51.41864736	47.97262122
486	28.84475981	46.2158345
487	34.95748555	10.58403711
488	28.54128421	38.52831775
489	40.76903642	5.127932888
490	47.99678107	12.13135563
491	26.32569252	37.69318125
492	33.17050733	8.904560597
493	29.43637768	35.56709217
494	9.767303904	28.34058323
495	28.59553337	35.85303102
496	41.97305417	9.588483944
497	36.76650322	14.21962091
498	13.06667792	11.41994104
499	12.65016643	15.46308897
500	8.712876693	32.29239269
501	30.61687122	44.50850684
502	40.31627122	11.60041976
503	44.30304525	7.189547784
504	28.89205718	44.12254062
505	52.31394197	9.906870627
506	37.33454476	11.62299651
507	28.99063848	39.73106598
508	37.19080212	9.369470767
509	15.00977838	10.0432397
510	43.49199405	10.21200553
511	39.32878275	16.00824556
512	35.61331225	12.87220489
513	46.31848528	8.284100869
514	60.97383386	49.02339752
515	27.65826395	41.94282896
516	34.94433395	34.07474337
517	15.20518162	17.59791668
518	13.12277477	14.58768429
519	27.78188349	8.639786668
520	30.12493511	11.46401949
521	31.49775907	40.47814063
522	40.6981431	12.43662126
523	26.60897226	40.70339094
524	13.16780906	6.351589077
525	29.02475454	33.49220563
526	38.43497412	11.03048
527	25.3481032	39.20833884
528	28.28100444	12.05181192
529	48.78357862	9.565933529
530	39.05657728	7.087570023
531	31.80633519	9.94288522
532	19.22513805	19.44039213
533	16.96406538	6.975528601
534	61.21360382	52.95528132
535	44.4864493	9.737859811
536	62.77844495	51.24676769
537	15.85869736	14.46738829
538	36.04022265	7.118863475
539	32.19088565	25.66031635
540	40.01498516	10.04656549
541	46.07383484	7.342452786
542	32.8671991	16.43093516
543	27.87672628	34.00890469
544	32.16826853	10.30925211
545	43.49343223	14.43621272
546	17.49713871	11.17250637
547	37.75665464	11.65309671
548	54.29543837	48.80288352
549	57.77362197	49.74030058
550	39.26473288	11.78465407
551	18.57955884	20.65982222
552	63.40396925	49.79014989
553	10.53562309	29.30834147
554	59.54572114	51.89925269
555	35.53961296	9.841815025
556	38.69738992	10.1603516
557	7.733203385	32.68017489
558	29.06064693	38.57478893
559	27.50288214	35.55871161
560	33.18961299	37.69790041
561	16.11170889	17.66880151
562	8.977966166	9.758138403
563	56.24992257	49.95847195
564	20.71613408	12.81037354
565	10.58689597	17.72036648
566	27.26773748	42.93220618
567	33.45328413	9.277780407
568	37.25219112	13.72619848
569	12.89746544	13.64310631
570	9.966888087	28.66326875
571	28.34787052	40.6272641
572	29.90330306	38.56639155
573	15.13661041	8.510180928
574	38.77868038	7.873910815
575	37.84640518	11.57457993
576	14.86667425	11.54096184
577	56.56961975	50.20746039
578	55.55784467	48.47200376
579	11.90961963	2.994199166
580	40.34799104	13.1393893
581	29.95565898	51.85674074
582	12.8690944	15.77034578
583	47.53585639	46.42476698
584	39.99035513	11.31270088
585	14.13771657	13.97074138
586	14.31429762	12.59604468
587	27.99197124	44.15185513
588	39.95750458	9.493897774
589	6.825116336	31.8295323
590	15.57020705	17.42003888
591	14.85085092	17.3314563
592	34.14001715	39.27377386
593	38.15798001	5.573772147
594	49.62005399	12.16861073
595	37.69574513	15.25327283
596	31.26657332	43.89540688
597	39.03735031	7.387193217
598	28.46519829	42.61466818
599	41.77665318	7.597774272
600	13.52371483	22.58253231
601	39.12043428	10.73983322
602	13.06967046	9.25845725
603	33.86685187	33.66247683
604	29.36004098	43.84035866
605	6.526619097	33.78358984
606	32.27120864	12.4797132
607	25.18213513	38.09702675
608	45.37267317	9.647658921
609	35.32685611	8.532198903
610	29.89105077	32.88424822
611	30.07150151	40.65408135
612	29.33195225	39.38605852
613	58.46060723	51.40550999
614	30.01992173	42.74115152
615	10.45887656	25.83263581
616	34.30747596	10.69669591
617	30.90966544	44.86185171
618	12.66065003	13.35653279
619	33.23232911	31.91373153
620	40.36081216	12.07560514
621	30.80555156	6.392229591
622	30.26444714	41.82103534
623	61.04180984	46.83087154
624	41.77711151	9.697051628
625	21.84179505	12.29086888
626	56.19867834	47.65431321
627	28.47652841	37.63913814
628	11.02630296	10.03989398
629	9.828241949	10.81437323
630	31.17783726	43.68934473
631	39.07990233	8.592290598
632	12.13886851	31.40212288
633	57.08622524	47.86222061
634	11.41079349	12.60042985
635	2.157834546	15.88802459
636	31.90391697	44.71637235
637	22.49203013	9.425779571
638	65.07175284	48.18676294
639	9.278485812	33.37788219
640	34.18659618	12.66962278
641	29.64359021	35.58288327
642	66.10630549	50.32961304
643	25.54355931	32.32556523
644	31.1212763	47.23004539
645	32.01020827	47.60379258
646	11.17158183	27.91953758
647	38.3889405	8.447003927
648	11.0564947	31.59967314
649	47.24571529	8.111243401
650	30.78809815	46.27556768
651	17.70393495	16.51213627
652	60.62451703	47.32466029
653	36.37156661	44.34828219
654	19.30460196	17.32679855
655	35.07250381	8.516308376
656	37.57065176	10.28788919
657	39.70448617	8.800262352
658	55.0984049	52.54877252
659	33.36327428	11.88284434
660	32.79291349	6.86271712
661	31.75008829	37.32005662
662	25.97252177	9.217532988
663	11.08705128	20.43933832
664	27.7132942	38.59394809
665	28.19695273	38.16268009
666	25.2890654	26.88974601
667	41.93960744	10.730599
668	37.03475131	8.787771812
669	56.78728671	48.4613012
670	61.11819612	48.46875781
671	32.01698926	10.50642661
672	15.32200506	20.59219802
673	41.98474951	8.858998514
674	26.34914116	43.76978506
675	32.30304176	49.80376178
676	9.804807036	32.69662206
677	28.66912079	51.17409344
678	50.16966614	12.39987674
679	49.05119114	11.40966452
680	26.50433279	41.39772652
681	45.82155003	9.227653289
682	31.74661446	43.51836125
683	30.74665543	43.5853893
684	42.24942348	10.0796207
685	16.35486864	15.64303373
686	33.74201318	7.37890572
687	33.33482394	15.38682971
688	39.73043377	9.94760195
689	42.503968	11.4471792
690	31.29946413	12.38105055
691	34.64829617	6.952028938
692	46.3547655	3.193947957
693	16.71982117	16.64366265
694	42.99513624	8.491285643
695	32.39858492	46.79435438
696	63.72824851	54.61710835
697	34.48550667	33.74051577
698	17.25645461	15.88207145
699	29.56955452	38.69646013
700	14.46872244	13.21764472
701	47.37603203	8.795938182
702	32.56450683	45.49623454
703	27.10259168	33.05785191
704	14.87181056	15.19150886
705	28.04310075	40.61305283
706	16.52266211	14.59399327
707	31.5483353	43.94396439
708	22.27708214	8.029343906
709	10.96298941	12.10492698
710	29.90466106	41.67672285
711	37.28811817	11.20370014
712	29.97662144	45.2561932
713	36.49140003	12.17209306
714	17.19410383	16.16539341
715	25.63052131	46.07820009
716	54.46117671	49.17785992
717	28.783793	37.96835272
718	29.28998046	38.50123576
719	33.11332047	8.161732136
720	41.72430279	7.832903468
721	58.05554932	48.98263201
722	39.53315248	5.531987977
723	28.83531425	7.649057992
724	47.52716964	11.5101231
725	47.38100866	10.68193537
726	22.83430238	9.357124281
727	41.81641898	7.67453727
728	44.35163171	14.17172371
729	31.43055416	47.84120628
730	27.88542062	38.9972583
731	18.17469456	17.52683776
732	63.43039951	48.38884863
733	27.60451132	39.06292277
734	32.69533632	39.5935469
735	45.5794726	12.70797451
736	31.619468	7.957168156
737	40.60672504	10.92843303
738	8.878217704	32.73844033
739	41.3634286	8.437003343
740	31.33640856	36.09223908
741	38.50211485	8.446275813
742	34.11005661	39.33836453
743	20.2148759	20.16417888
744	22.51542549	19.10787491
745	16.23045319	9.896806569
746	55.38267467	45.59495133
747	40.21242834	12.2504677
748	45.12477272	8.070769783
749	33.2340566	38.84617816
750	29.98471441	46.6139646
751	38.98760805	13.5230337
752	56.9538304	52.69804383
753	13.37030218	12.57054126
754	27.46111334	41.76817742
755	28.84178646	13.87598204
756	37.48431637	6.538225376
757	65.75279441	47.67086862
758	63.73492162	52.34638394
759	46.73951613	9.822662821
760	64.25472799	47.88399452
761	64.70843611	48.46446891
762	40.64888904	9.140934265
763	25.71296065	45.11765076
764	46.33572873	11.62056686
765	37.0650884	6.210436873
766	33.85043468	12.27135925
767	20.2609115	22.20201716
768	30.36477585	39.58082098
769	30.7340706	35.87209147
770	28.75039327	45.52517517
771	33.99652543	9.98036078
772	58.97160554	45.59471899
773	33.76710196	39.54448527
774	13.95163191	11.58901345
775	37.89909385	5.604401925
776	14.85496905	32.75685484
777	31.31106493	38.4552656
778	39.83039809	6.59023283
779	8.86678363	31.41881651
780	32.06418288	40.57114292
781	27.2731998	37.15865696
782	32.91314881	41.63559819
783	40.44599516	11.80613178
784	11.86500651	11.10883537
785	13.0371889	6.983469735
786	28.75480999	41.66182794
787	37.26272884	10.80619684
788	31.09797799	42.84098691
789	33.65941118	17.12983592
790	17.37463957	9.356459851
791	42.47557283	6.55180869
792	42.26797396	9.861939787
793	42.14318073	11.61768327
794	5.323851533	28.74308682
795	12.36446187	26.34351634
796	51.90860559	50.21146055
797	14.89573781	12.5470328
798	32.72717396	35.13724935
799	29.33801884	38.76442445
800	27.21348875	9.241898055
801	34.53206073	12.90291554
802	28.81316502	43.48039144
803	39.40354635	12.98455531
804	5.651117503	34.14559394
805	18.99954989	19.57470469
806	11.03081691	30.15686237
807	59.15589493	55.407849
808	28.06977631	43.33907224
809	41.62032058	8.869968585
810	14.25485689	5.514711741
811	29.44214344	37.93588274
812	17.66407383	13.65207346
813	32.3773217	50.08983055
814	15.41724815	13.49367467
815	31.87830448	10.39557683
816	38.9951135	6.293677771
817	35.44669864	8.143373414
818	11.6630531	28.38572922
819	14.08349852	27.15230379
820	30.50873299	33.37653985
821	31.29193549	41.86175661
822	27.38826704	44.58382816
823	8.777800194	29.33184743
824	13.26298492	29.22968383
825	13.03779347	16.65167946
826	36.05051601	10.62144879
827	13.03449953	27.68513427
828	14.93450489	13.70124108
829	12.07594086	20.95632592
830	35.92048434	6.09078476
831	41.23602399	10.4683407
832	29.24958434	40.15706241
833	34.74474768	41.78050723
834	15.91751356	14.48476715
835	43.0467152	9.719337864
836	40.34530325	5.254586011
837	61.1165597	46.54248711
838	60.79619804	47.62271292
839	26.40928568	45.81591787
840	36.48493054	11.38451985
841	39.42143684	9.011761349
842	12.70377478	16.84539182
843	46.5770082	10.89788524
844	32.81824136	12.2755113
845	60.7031941	51.38438812
846	31.90029063	48.02245433
847	43.52058135	7.260020108
848	31.09676439	33.65404394
849	46.47231433	8.326400487
850	55.43649601	48.90492492
851	40.40449094	10.74694479
852	17.19195589	13.20036486
853	60.11451944	52.49546643
854	10.83574176	30.59924738
855	9.996798742	34.97616139
856	27.48306811	42.12949088
857	8.336158997	31.36657248
858	7.472062806	24.62860214
859	31.93390193	38.91221347
860	7.903657572	9.96322819
861	69.54915203	53.83128899
862	12.66907577	29.62542039
863	28.62207637	34.80839474
864	33.63223304	36.13191504
865	16.38353282	10.11921768
866	28.36691775	42.26160848
867	31.93142502	29.0598828
868	27.57879316	41.72155816
869	38.91330015	8.476270015
870	19.70707997	16.5804933
871	31.72946708	11.13710282
872	11.27568984	14.60103441
873	29.70457802	40.2185
874	5.812336659	27.3471724
875	18.12983778	16.4911508
876	15.21071591	15.74161258
877	59.8156314	54.5225762
878	9.799461843	31.25110902
879	19.08829221	12.21917274
880	29.77203728	45.51830095
881	43.14670367	11.22785339
882	11.29149645	16.52278906
883	14.26918773	33.38352429
884	11.75016881	27.69905905
885	37.83048827	8.8661084
886	29.97934069	40.8340586
887	17.83557427	17.28803703
888	32.36503966	43.91779181
889	21.5830312	13.62521108
890	26.55288043	15.06686821
891	37.36060362	10.05686135
892	36.00804614	7.190721262
893	30.2498423	41.53732221
894	50.27478387	51.67740846
895	17.57612383	12.3296574
896	56.93484902	49.91214283
897	32.27677932	38.84313544
898	14.01367023	30.9078544
899	33.81619294	9.412345743
900	39.72700502	16.3836582
901	37.34942883	11.87006821
902	28.16476129	36.22624857
903	64.24221389	46.94477161
904	30.67969991	12.93775369
905	54.11721878	48.58531285
906	39.95277212	13.41947568
907	54.06181993	46.39378139
908	8.005410814	16.66195408
909	48.91897494	8.599673728
910	55.7570924	54.44153312
911	5.457666374	31.8471427
912	62.14930035	51.84589243
913	29.17150949	37.82604183
914	44.84867749	6.931316585
915	15.77326032	13.73331711
916	14.58839314	11.53523319
917	20.36415277	14.61373077
918	14.40038285	14.42455725
919	41.00560039	5.022904726
920	36.90472698	13.79128038
921	56.36347568	51.17608761
922	14.96129178	12.23033697
923	59.31055676	52.4107827
924	35.95745274	5.452771478
925	54.85915022	46.37106618
926	43.01539866	7.751910587
927	66.21822443	49.32861115
928	19.00297235	17.2472443
929	65.21396621	52.40476153
930	11.50333829	16.34143217
931	29.1916232	32.11720504
932	39.41938452	9.63839968
933	25.7584232	37.00802237
934	14.97043546	17.9027612
935	29.39449542	45.82895915
936	30.5398832	36.5072728
937	51.5488426	47.63864309
938	29.93936786	37.84818682
939	46.57607687	7.898888438
940	27.94548552	42.82991065
941	20.22202121	13.68194281
942	44.05920577	5.953194127
943	59.53679516	45.37661501
944	29.8356107	39.58991864
945	44.49828386	5.722380832
946	61.86094473	48.98142303
947	43.26112342	12.12000803
948	8.385966435	35.6774534
949	12.96932309	12.74598415
950	12.95671481	17.00559533
951	36.91870393	13.55228083
952	59.64217631	50.36899672
953	61.27897155	52.75390551
954	46.40887968	6.07829653
955	14.74956709	10.42346934
956	31.03880477	37.52534899
957	47.18009712	9.432795599
958	12.13641916	13.73491361
959	7.963015728	22.24149369
960	45.81617859	7.718313961
961	24.28686885	35.79330976
962	26.35968676	40.19200569
963	44.23259965	9.327159004
964	30.76441735	42.25346104
965	27.87970681	37.72480249
966	15.54686895	14.20738039
967	39.29381484	7.929280879
968	19.07439539	11.22683217
969	43.18597337	7.858033147
970	33.456372	39.43036972
971	10.49932889	16.84264292
972	42.91224392	8.486351739
973	24.63380606	42.63912731
974	16.10953456	15.93297248
975	37.88556781	10.22561226
976	41.03867436	7.135649221
977	17.67889743	17.6053768
978	33.09231095	7.876470011
979	24.04420421	33.7104405
980	32.25480445	41.36262631
981	14.4727422	20.87303487
982	13.93171384	11.56430891
983	32.41742041	43.6657675
984	36.12293411	10.10705172
985	14.45740831	13.71940382
986	15.1614235	10.62868072
987	11.49240863	17.24655823
988	12.25110334	34.7259473
989	17.11204556	16.50137058
990	34.86605722	11.77354214
991	42.59673957	14.03343773
992	59.26298766	51.39524962
993	12.63860237	16.18498907
994	20.54824393	7.929007773
995	19.11622105	22.80184083
996	48.59877147	53.19662693
997	44.28545069	9.619115383
998	32.02626914	12.13701891
999	65.02686221	48.58495512
1000	30.52293013	9.689468795
1001	20.77848476	20.45020335
1002	21.76912694	23.15874009
1003	45.89897263	14.45611168
1004	46.15135298	12.28638445
1005	55.65585714	51.11783851
1006	12.24481511	19.06963845
1007	45.57635266	15.50785573
1008	14.27147776	18.58948513
1009	31.50596715	38.78178181
1010	10.88227324	17.91635844
1011	9.185450828	32.36705213
1012	40.41078556	7.380863579
1013	40.6284616	12.66758692
1014	31.77376354	40.19037587
1015	27.39178758	38.12412302
1016	31.05724868	36.07253254
1017	8.587081977	31.08796551
1018	58.36224213	50.07346091
1019	59.12526271	47.13596585
1020	17.54940922	9.693874073
1021	38.14608025	10.87965847
1022	49.22356483	10.35676757
1023	39.33213089	3.064558656
1024	42.95610219	10.48830909
1025	31.79701638	28.53039586
1026	28.24283253	39.29294786
1027	47.44778349	8.104930606
1028	33.19643761	40.04414693
1029	26.81897345	38.02624415
1030	5.974934774	29.84975248
1031	44.42321219	15.98816051
1032	62.99056754	49.43054449
1033	29.99133148	46.92547902
1034	9.098699596	27.1995391
1035	63.648489	53.23935412
1036	9.869664312	30.22985338
1037	31.21331941	45.27403254
1038	42.79094085	5.065865232
1039	28.41957079	33.94865713
1040	37.79339044	8.658304772
1041	10.23969603	28.99760385
1042	35.35157448	11.06146897
1043	7.995343132	32.67809553
1044	63.75029561	46.34344028
1045	4.782037309	30.10583811
1046	38.8738502	12.79258158
1047	14.50189966	14.50655185
1048	11.45005224	32.72508175
1049	14.11116605	14.97921635
1050	33.5301133	37.24741385
1051	33.2472456	33.96734756
1052	31.91343889	11.42448003
1053	17.79486929	14.76530082
1054	29.10667632	44.57302465
1055	8.230648843	17.95035076
1056	13.82468373	13.49077211
1057	31.00080762	39.43261928
1058	44.6129215	7.588557493
1059	43.9729968	9.167253865
1060	19.73789713	19.29270025
1061	65.94660671	49.56795151
1062	10.3315409	31.15325239
1063	55.58729437	49.64102932
1064	25.46961574	39.68708497
1065	9.180721697	18.7730694
1066	57.1753781	51.67278831
1067	34.00792092	30.62377922
1068	38.97156825	10.86585401
1069	34.66318784	11.78618954
1070	26.88367859	43.56878135
1071	27.70947727	20.59675409
1072	59.9731957	51.224254
1073	44.55186505	7.860697752
1074	12.30223978	26.57441109
1075	56.80657006	53.6405375
1076	31.85120753	42.44227641
1077	59.31279787	52.86874648
1078	29.46934291	40.77184938
1079	14.91199952	10.24578259
1080	28.9123376	38.53335703
1081	11.39614787	32.56948543
1082	16.16777936	17.27680856
1083	15.46852355	23.8443144
1084	19.71880569	14.49876055
1085	6.410248738	29.79758087
1086	15.87093177	11.49318006
1087	9.460247015	30.74936126
1088	53.41502029	47.3042321
1089	32.07996253	47.92407302
1090	35.64698443	9.193177448
1091	9.00381057	25.42539525
1092	15.73711969	18.13161252
1093	55.15350385	11.3487078
1094	16.23904007	13.14129973
1095	32.19656853	12.24026045
1096	56.65674513	56.74243664
1097	41.99809644	13.76837107
1098	52.75100353	50.98570642
1099	41.10942325	12.39642687
1100	32.55780965	35.4975131
1101	38.92514434	8.905957563
1102	40.44441643	10.4269206
1103	18.06012779	8.236246123
1104	12.10227743	13.99257913
1105	32.46329179	42.51356274
1106	53.82434344	49.48877328
1107	43.58766145	8.926046715
1108	25.76174616	38.52233261
1109	41.45865852	11.6847802
1110	30.45424827	34.36939137
1111	9.494373183	29.93895287
1112	37.62757377	8.305274226
1113	30.7562386	34.15274553
1114	31.59044221	43.58562476
1115	18.17652634	7.659732908
1116	8.852865512	32.1354227
1117	38.45682472	9.607097696
1118	31.50023291	36.18998115
1119	41.27499277	7.184203908
1120	15.36973001	14.6822584
1121	32.08201029	39.4136422
1122	13.40023777	25.73615426
1123	17.30600379	18.63246272
1124	43.38080579	11.86058044
1125	38.35074645	13.67579139
1126	39.82005216	8.811743597
1127	37.10823535	9.917038252
1128	41.97487792	11.68597097
1129	8.586831928	14.78406936
1130	15.1880879	29.02634488
1131	33.52279665	10.38702164
1132	19.03356213	22.30307683
1133	15.21706738	32.85577063
1134	63.57971784	53.61378269
1135	58.51957125	49.48110587
1136	30.64170129	38.14413511
1137	60.47277191	54.63338148
1138	42.98588884	9.346988416
1139	33.03871942	40.36011123
1140	43.17022326	8.800793733
1141	31.78046848	40.39631365
1142	41.78332464	9.283705524
1143	28.88291705	39.33959312
1144	53.86498494	12.33942962
1145	7.364322129	27.17877242
1146	13.78072508	12.8782226
1147	31.81635534	44.52237264
1148	45.1819606	10.63863809
1149	17.08134361	15.82478411
1150	15.26064803	15.29940553
1151	23.01087146	36.64044806
1152	70.0943439	52.05495164
1153	37.04509798	10.57559554
1154	35.63418735	9.781072227
1155	33.54775556	6.462547663
1156	11.73451232	27.15911267
1157	29.92641924	49.75222024
1158	60.98724971	46.25637294
1159	26.71478181	37.357897
1160	41.45192997	5.290561825
1161	31.11246009	29.37929319
1162	36.06308445	8.67783466
1163	66.55806866	49.18223209
1164	34.90463499	14.05148587
1165	38.32724055	9.43247689
1166	46.00834988	11.29893316
1167	34.57290639	9.192429314
1168	41.87205663	11.40394787
1169	59.98002155	52.98952373
1170	35.86730105	6.388185153
1171	42.04746809	11.58096852
1172	9.677135888	18.39481237
1173	28.57320285	44.43841056
1174	14.48121416	16.09604937
1175	30.69454387	38.37303664
1176	49.71954002	14.35311748
1177	44.18876532	11.51466569
1178	29.50965712	36.25244909
1179	43.21373053	11.60178215
1180	13.77141631	15.31227449
1181	20.29412286	10.81335211
1182	27.6422385	43.60779346
1183	47.95336867	11.12672798
1184	7.949266199	31.28943187
1185	17.52928184	15.9299416
1186	8.135142201	15.09127124
1187	29.9760495	41.87582691
1188	11.62740776	17.55817017
1189	30.94101593	35.72452557
1190	12.27857432	25.32537621
1191	53.19107465	52.67057506
1192	49.09067406	13.45729642
1193	12.16318797	15.23846449
1194	30.64228512	43.50691651
1195	65.18974176	55.94737952
1196	16.521059	17.72200057
1197	53.00821607	12.65335567
1198	25.58091869	37.73612178
1199	20.34251001	12.93387639
1200	30.87801864	50.63484865
1201	29.27227432	37.94851744
1202	36.21123874	13.04366062
1203	46.26768069	10.79807647
1204	43.69319031	6.680811411
1205	31.68632849	11.55621861
1206	34.9580384	15.27334557
1207	12.74917518	17.01244802
1208	14.59821109	12.93308234
1209	11.10852995	27.09066452
1210	42.50053087	8.778887074
1211	35.22429281	7.090582744
1212	52.13034711	55.20055044
1213	22.24529622	15.05266444
1214	28.24033869	37.18926287
1215	51.0197298	6.446665737
1216	10.3540617	32.82025681
1217	41.9230132	11.51410924
1218	31.26967186	28.20746732
1219	44.37221656	13.36539567
1220	32.34041238	37.78405496
1221	35.25276471	33.57676227
1222	68.91195415	54.02709384
1223	34.71458462	15.29993532
1224	11.4066211	14.63367561
1225	41.46345908	3.845577302
1226	15.14341045	15.80200233
1227	39.60705566	12.60652958
1228	38.12940108	4.232845167
1229	66.586272	51.56496982
1230	16.67320074	14.82346084
1231	61.74189388	46.59533126
1232	16.34660594	30.46797601
1233	43.77857453	9.980035546
1234	27.20757729	49.6237636
1235	32.73683358	37.33526938
1236	57.45555973	47.42794556
1237	40.4477962	4.888544268
1238	41.84040848	12.6800015
1239	39.31708317	5.592524627
1240	60.5873049	49.1631862
1241	49.82917559	9.542650962
1242	8.465714848	18.66801231
1243	31.7010687	40.76857926
1244	27.23417213	36.05211136
1245	27.9397221	32.8728562
1246	6.04655385	29.75366194
1247	57.33257636	48.7033329
1248	17.60588812	16.79295032
1249	27.2378592	34.96855669
1250	24.94393596	39.31041823
1251	39.9144047	13.14356045
1252	52.33164787	50.63347059
1253	41.64464685	9.044897514
1254	33.83191836	46.04533718
1255	63.58408795	47.95451342
1256	56.65850458	49.22653958
1257	12.63080551	14.12213168
1258	34.1525136	12.75433036
1259	34.51878546	9.637355912
1260	14.30327266	20.9421303
1261	32.56026257	33.74427144
1262	61.40176587	48.98159564
1263	7.736093859	12.47867687
1264	7.270995942	28.24497885
1265	60.40929151	50.61513104
1266	29.81518966	34.21090842
1267	37.68803766	7.727389816
1268	64.19111654	49.2045497
1269	11.2872888	16.40938165
1270	36.24972915	13.61003452
1271	11.38800333	29.45350639
1272	30.97910392	38.47371817
1273	59.20390564	47.87234612
1274	19.13382034	13.54919091
1275	64.50604151	49.93831538
1276	20.01798039	11.20135304
1277	24.79227397	14.72846649
1278	11.6897214	16.15649009
1279	27.13673762	37.86580458
1280	66.93720402	50.37540029
1281	41.67810926	9.978687654
1282	25.39416963	3.742956219
1283	28.99013991	42.00623266
1284	42.13847603	7.279861108
1285	39.50367221	9.729195603
1286	8.358101885	25.88304072
1287	26.04615065	42.85726804
1288	22.13935656	16.02934746
1289	33.53354482	46.36727777
1290	10.02887994	27.14946535
1291	9.312575844	13.12691832
1292	15.20177215	22.94053006
1293	39.86450333	6.277020935
1294	29.08103595	36.08802805
1295	40.39768639	10.03221218
1296	16.21570857	14.27887258
1297	38.02331956	14.54061957
1298	31.03533077	32.54674966
1299	55.83009055	48.87565905
1300	28.43350275	37.3153353
1301	14.39039039	10.43597602
1302	22.99521998	12.6925186
1303	8.883645157	8.047463442
1304	10.263112	26.25382146
1305	32.52098789	43.39798581
1306	60.41341538	49.63958841
1307	41.68922513	13.15175579
1308	64.67264478	53.38245508
1309	10.54258345	17.5126836
1310	43.2537241	9.640052337
1311	44.42234565	8.219345797
1312	11.4845086	9.692431884
1313	8.923296333	30.80191542
1314	28.67763937	35.85324277
1315	15.57504887	19.0834377
1316	40.16476549	11.21106973
1317	27.90094894	51.67645996
1318	34.81413374	13.47335282
1319	42.87261957	10.08038181
1320	30.00642436	37.52004588
1321	41.95710875	8.93909713
1322	31.15961114	4.059629287
1323	10.22092758	31.76715532
1324	41.88247568	7.860862976
1325	29.67759815	41.25451942
1326	14.35691585	15.99151759
1327	56.75531411	46.03827778
1328	29.81257343	37.10623528
1329	56.42090935	49.72683415
1330	10.06244109	32.37665759
1331	12.45044325	9.873258148
1332	30.97369194	29.87085979
1333	14.66636262	16.55438535
1334	31.30465212	52.027835
1335	64.04789366	54.05170818
1336	59.99980496	52.74114587
1337	62.22481755	52.77164992
1338	29.95719155	12.44603154
1339	28.27643841	34.49337493
1340	37.2863352	8.993218883
1341	11.96479879	14.50302348
1342	14.82861569	21.93516462
1343	8.472218195	33.4058551
1344	7.625218172	29.9344122
1345	39.66870328	6.929195137
1346	12.04056956	30.04654319
1347	31.9958593	53.65497634
1348	12.05628581	19.61126009
1349	26.4854662	38.28587665
1350	34.67119607	11.6626721
1351	52.97202269	46.26850482
1352	36.6390814	15.08023373
1353	35.03967134	9.956593026
1354	31.51672859	39.47586068
1355	47.00826871	11.4770057
1356	41.07281165	6.526514936
1357	28.12095411	29.0053069
1358	39.20716961	9.740888107
1359	40.79097574	8.274218673
1360	62.72355915	50.48178653
1361	15.43364185	13.52318498
1362	18.1304068	13.44386608
1363	41.28834602	9.713993411
1364	70.23363343	49.18815749
1365	8.388606812	31.03065875
1366	56.28957381	52.50295497
1367	29.16927324	11.98440794
1368	42.96844642	8.940375198
1369	42.36255803	9.658297764
1370	40.33831784	11.00310713
1371	48.58674191	8.954075529
1372	65.20922944	46.70541968
1373	17.29071863	10.56747306
1374	46.10555668	10.0478632
1375	14.81791524	19.05395684
1376	30.02197932	39.14562675
1377	32.27663238	8.529501811
1378	60.87174433	50.13641889
1379	36.08217888	10.92251649
1380	10.46441908	12.83164586
1381	66.32742257	52.1393037
1382	40.82153896	9.994573775
1383	51.64825684	50.38819144
1384	39.6932132	6.91007371
1385	27.96370089	40.10386763
1386	20.68082277	11.96619053
1387	12.74483167	35.11624063
1388	32.78029786	37.34328182
1389	41.87013316	13.96563015
1390	45.35369092	12.42098013
1391	40.57497515	12.17650864
1392	45.2366171	9.0217335
1393	34.69264761	6.376504068
1394	32.05080064	39.05079154
1395	11.75966861	30.14936692
1396	55.41249412	48.02144526
1397	44.42755636	8.046568678
1398	7.816101525	35.3129978
1399	8.724984397	30.33459467
1400	8.679613826	28.17944625
1401	43.60332582	17.41938935
1402	36.80472281	11.33534535
1403	9.822999443	18.18751063
1404	6.828165093	29.67721433
1405	62.68803256	52.34617424
1406	35.25029524	12.87398467
1407	27.64710624	41.37258834
1408	47.65063906	12.71611062
1409	29.90968298	7.793979929
1410	38.28755135	14.51398985
1411	51.44262615	48.47930943
1412	15.96902837	8.474624941
1413	13.9081003	17.74346353
1414	9.208685797	29.99806062
1415	9.921609556	12.05043372
1416	36.13833352	9.609277198
1417	63.3210088	50.12142355
1418	3.717056854	17.62882243
1419	48.64424229	6.734485832
1420	51.9184651	52.4483627
1421	40.17176949	11.03264711
1422	14.93426822	27.05573834
1423	66.90342415	47.34693024
1424	11.88370161	28.83452567
1425	10.44199781	14.96391496
1426	41.18086907	10.17623412
1427	38.59698571	13.08200251
1428	30.83465833	35.99350687
1429	28.73360975	36.18309599
1430	15.48934612	13.57773691
1431	32.237297	40.92601552
1432	36.68103919	26.71890549
1433	38.89764428	7.90445426
1434	4.456793849	28.07287961
1435	14.87634265	18.28164572
1436	10.22363373	29.26460079
1437	4.573072601	26.36515768
1438	43.82019156	4.904539185
1439	35.21040827	10.4906222
1440	30.33857989	38.78302495
1441	45.58446565	9.292330399
1442	30.70884204	42.89344467
1443	30.64439184	52.85839332
1444	5.975383769	31.92106543
1445	15.85673854	18.90273773
1446	29.96590474	42.14852809
1447	16.24540885	16.94343633
1448	47.55691824	13.71088253
1449	62.19253155	50.79624903
1450	41.38863467	8.592464354
1451	14.58592466	9.324345345
1452	40.41496139	9.808848921
1453	43.72709685	12.66869807
1454	11.83823993	10.02326788
1455	43.40826926	5.952715731
1456	20.84438098	16.29882935
1457	14.80680817	12.60813365
1458	40.02755214	9.959423247
1459	16.43472637	26.01099037
1460	34.85634493	11.96622369
1461	42.70424687	10.3735973
1462	7.846117207	26.05225969
1463	40.58508191	12.80961534
1464	37.01217799	8.580893588
1465	8.275939868	29.88121001
1466	16.7450487	13.09153959
1467	32.10597027	8.684738664
1468	47.41978832	12.88900151
1469	33.20224263	37.9421216
1470	15.27484089	9.283488845
1471	12.09773564	26.27884505
1472	29.18462657	36.40904554
1473	17.53809164	15.29090439
1474	27.25211824	43.27874746
1475	30.39185463	40.03994159
1476	12.97444229	15.27211003
1477	30.89814419	29.52777921
1478	30.20370588	44.48350415
1479	33.15574518	15.41131378
1480	5.225762441	27.34799404
1481	11.00586137	13.0355004
1482	11.05101532	19.73744625
1483	54.28625486	43.50152053
1484	47.00030147	6.304555426
1485	50.27638068	9.650107435
1486	48.11877034	12.13984134
1487	30.90950886	48.17448907
1488	41.04054683	7.716114984
1489	68.63348769	49.79743697
1490	17.95481803	16.12403595
1491	13.12617558	17.97702626
1492	8.526395481	9.45774762
1493	40.18838949	8.08750707
1494	28.07707025	41.74730138
1495	33.38929794	41.38463487
1496	34.96843389	8.106874261
1497	5.154951072	20.69511027
1498	41.11118014	8.271223201
1499	41.76869424	7.090983414
1500	29.51143236	8.560611971
1501	36.8792023	12.05152237
1502	27.9330988	39.28322008
1503	13.34855074	30.94610183
1504	37.87929048	10.9802749
1505	36.64095555	10.16496964
1506	12.29391763	14.13780136
1507	41.11117543	8.390617224
1508	19.31119892	15.63454717
1509	40.95294145	9.22433376
1510	33.22989774	42.49011197
1511	32.89261062	39.80383689
1512	40.91396824	7.92636784
1513	34.53257342	44.55054391
1514	40.85314556	10.77110384
1515	14.70889273	16.75965113
1516	34.79153636	9.312060195
1517	42.94277597	13.7886713
1518	27.63554092	43.19892168
1519	22.38439744	15.99760193
1520	45.35185313	2.172039659
1521	16.30150136	16.33452689
1522	32.80304098	35.96716211
1523	42.65255585	8.749471957
1524	37.42575079	9.357183821
1525	8.576800491	31.78765009
1526	30.85956607	37.97783873
1527	25.99830414	37.13046211
1528	40.21233708	13.85928358
1529	40.75786222	3.713940624
1530	43.82756431	13.90694379
1531	29.25228685	43.28186705
1532	34.90474997	44.38745034
1533	19.36186552	12.01722597
1534	44.31602781	13.97764568
1535	38.14265964	8.566713073
1536	16.35429972	14.96808284
1537	13.6391516	7.613663856
1538	47.88872003	12.04598662
1539	28.96647496	39.5831368
1540	35.96307123	10.89887404
1541	64.23137112	52.21673038
1542	60.04713713	53.56362544
1543	30.55865907	39.01555241
1544	34.51151721	10.59342678
1545	50.1348463	8.899067604
1546	11.51997497	27.3285626
1547	12.01581878	16.25915351
1548	25.4541835	18.76381113
1549	28.49726689	34.03690037
1550	41.69938408	13.02537729
1551	27.91525356	41.01230379
1552	48.36731909	7.889551951
1553	32.16746596	40.362386
1554	16.49339727	15.20909179
1555	8.318215874	28.7064215
1556	63.72991212	47.21313387
1557	46.11813779	4.712649491
1558	65.11806448	50.12566134
1559	9.814509145	33.49587604
1560	23.08792385	12.06971768
1561	32.10210913	26.45250282
1562	30.077156	40.6356583
1563	34.55076574	8.967935171
1564	15.86542165	15.12554062
1565	11.75899993	32.69211576
1566	51.59567104	51.84916506
1567	9.895131155	24.92639047
1568	25.68169705	46.03875387
1569	35.12850296	11.49477122
1570	41.62119289	11.00925146
1571	31.58336193	38.05746858
1572	24.5249192	43.65542664
1573	36.07446043	9.620933462
1574	43.99188274	4.941969298
1575	34.72580415	8.154397608
1576	7.736256916	28.49248276
1577	7.931407859	28.61640409
1578	28.61384786	39.62949879
1579	73.42815269	49.37091349
1580	11.28221354	25.67950189
1581	35.66162859	5.241607404
1582	16.59397033	6.255401601
1583	33.30424995	44.28883295
1584	28.03141093	36.63544588
1585	27.45511018	34.70798851
1586	6.001633853	28.99683893
1587	30.54054591	41.62854021
1588	30.9995911	33.82480178
1589	29.72819742	44.15427806
1590	45.59093623	7.015518214
1591	69.63734672	50.14784338
1592	18.14650222	16.88464497
1593	30.53283793	10.53533046
1594	38.20176308	6.260052253
1595	62.18924585	47.1100821
1596	54.94333498	52.86656992
1597	29.88907614	31.43884295
1598	42.86307881	8.664217981
1599	11.72263177	16.80992195
1600	26.46174524	37.89062666
1601	13.91018834	12.66734253
1602	61.10378392	45.37247266
1603	61.70601154	51.82839732
1604	39.0958952	10.54828229
1605	36.14382705	8.957952329
1606	36.746869	9.252041429
1607	29.32168049	40.27887577
1608	61.42356741	50.1901911
1609	28.4694498	49.48124938
1610	56.45477137	51.04432155
1611	29.73978585	38.62517909
1612	34.94559394	6.67191496
1613	37.19120376	9.424272627
1614	19.70501311	14.32685688
1615	11.2612928	29.45440996
1616	43.74500509	14.25943865
1617	34.14868819	16.32833391
1618	40.58829904	11.06828717
1619	45.71757979	11.37994147
1620	29.17240491	42.05295675
1621	32.40639252	35.51871333
1622	43.30307461	7.721504777
1623	27.19301617	33.56437164
1624	52.47655045	52.5290976
1625	28.41073938	42.82255835
1626	26.39610519	41.17853467
1627	24.2938008	36.58935459
1628	14.02304543	12.94356284
1629	11.7650833	12.23952356
1630	8.052680797	28.52533116
1631	42.7428099	8.212963176
1632	31.43526306	12.30506934
1633	47.59179327	10.49125825
1634	55.49342352	52.52071598
1635	46.62006638	9.591458334
1636	6.799579637	30.42042625
1637	43.42539756	4.882976064
1638	31.12620948	37.0254331
1639	16.45854066	11.22927007
1640	32.9455448	44.74043542
1641	38.58354265	7.792107535
1642	47.35234361	10.82174134
1643	52.39664254	49.15309563
1644	9.233123852	27.59802767
1645	51.63534806	51.51359991
1646	12.3566261	26.88553326
1647	29.07948159	48.60460465
1648	31.10913996	44.80859407
1649	28.31497941	43.52559681
1650	29.18900234	42.7082619
1651	38.63684621	5.988664213
1652	33.20556632	11.238274
1653	52.08136967	49.86434483
1654	29.85221703	40.95727014
1655	58.72989571	52.7602789
1656	12.53470235	12.8926189
1657	30.04491081	39.64767379
1658	53.0882261	48.9157158
1659	12.09031234	12.72493974
1660	61.79233076	49.66810411
1661	61.59405184	47.40648313
1662	13.21408282	15.93088397
1663	62.26089008	53.92597853
1664	43.20367368	4.418453287
1665	26.32350983	40.96951277
1666	42.1947476	7.242995791
1667	5.630246584	35.54102017
1668	31.30254326	41.65874504
1669	37.90456474	9.890130576
1670	11.20509013	29.96022724
1671	63.87160114	49.41351389
1672	14.65076135	8.276997175
1673	33.19033813	7.639383165
1674	44.14062225	11.73177243
1675	45.80683268	5.580172098
1676	6.508621779	32.55496286
1677	26.66587107	46.07542532
1678	30.91961689	37.46919342
1679	31.85314981	40.38782651
1680	61.48968512	49.66133926
1681	20.36784021	16.35818874
1682	31.90456837	35.05275552
1683	9.328222582	10.4285888
1684	49.27462067	10.76760164
1685	33.86620204	40.68319265
1686	28.94292803	10.63133756
1687	29.97258404	44.85405055
1688	34.85916488	9.476478115
1689	6.957057407	32.75929932
1690	33.37800129	12.54072495
1691	45.53719443	9.622384671
1692	49.34934955	7.443384678
1693	42.93012178	12.21751306
1694	10.09775275	12.21480109
1695	52.03630884	10.44292231
1696	38.15739147	13.89182102
1697	27.79463663	39.8308556
1698	39.58288091	14.94357762
1699	35.17301964	7.587651574
1700	41.09809166	11.37532274
1701	15.31567388	13.72412824
1702	27.18365288	42.51605712
1703	67.60186828	53.34062356
1704	10.83111265	19.13344263
1705	53.66680647	53.03842548
1706	59.52098484	50.33403097
1707	30.23133515	38.24774974
1708	27.91387433	39.64377766
1709	9.781025667	15.66996948
1710	39.50206375	7.143075683
1711	13.96385529	20.45818156
1712	33.53086312	39.69027847
1713	38.29504303	10.05526855
1714	41.45375611	9.937857599
1715	62.79853197	50.6505707
1716	9.35300541	36.16293484
1717	47.49413377	11.10662571
1718	14.43761025	15.74605317
1719	64.897947	49.27185869
1720	30.90382406	46.38844682
1721	29.37664255	47.26698216
1722	15.89229908	13.8209593
1723	43.19505411	7.467328173
1724	34.76366691	14.82057937
1725	26.70189985	43.01796745
1726	31.91901952	35.8665907
1727	5.395513054	31.37184935
1728	9.860235246	9.944929853
1729	28.53939071	41.17832976
1730	39.86670201	9.062663096
1731	31.19633623	7.371973775
1732	33.17672328	11.62559749
1733	45.71409728	9.238902785
1734	37.36239009	7.452759755
1735	15.22391923	10.96996678
1736	38.23384824	8.221610092
1737	29.00838599	44.16240274
1738	46.19365341	12.96950062
1739	42.08556759	10.57738165
1740	11.91992728	18.02496767
1741	26.44484948	41.01088686
1742	27.83187389	39.38571156
1743	14.574398	14.09655427
1744	19.11913235	18.03464729
1745	29.80736345	7.942809489
1746	12.36527615	26.60653213
1747	27.92839802	47.01637709
1748	37.13096643	8.925141719
1749	41.82885758	11.46887138
1750	20.71140886	17.05367775
1751	56.56336202	47.20805449
1752	8.052791075	26.61987003
1753	27.99549848	35.87637412
1754	45.88734192	9.199509226
1755	43.39844263	7.628879255
1756	28.37730897	30.69456483
1757	16.25473214	16.5004914
1758	19.97925442	20.93496432
1759	41.1852499	11.31961376
1760	40.30358584	13.27169134
1761	25.95252319	36.04874976
1762	18.86868117	15.22814616
1763	43.47679126	11.36949372
1764	36.52929691	8.133675644
1765	28.04562965	49.20408611
1766	28.59291401	45.96799301
1767	8.037334348	18.89739004
1768	39.52766104	3.49279779
1769	38.85756672	46.36905583
1770	19.64630537	14.48262901
1771	31.61729383	35.04825348
1772	64.3162435	48.79085712
1773	10.20916287	13.30015889
1774	55.95101444	51.53843671
1775	45.70303458	9.729520936
1776	30.54135639	39.72839092
1777	64.33927152	44.29246031
1778	38.53052803	12.46209739
1779	18.28301753	16.33684895
1780	32.5399564	34.8052221
1781	10.83825252	31.40955277
1782	59.6530194	50.28050121
1783	13.91543498	25.75118979
1784	44.3528149	9.239552495
1785	30.8006203	36.36870822
1786	41.02221776	7.376616844
1787	30.58321922	41.93174931
1788	57.39982512	49.68357375
1789	60.02079361	52.18070127
1790	13.15195265	19.56052635
1791	42.49897809	9.697945807
1792	29.33852507	46.35831826
1793	17.33177122	16.74364134
1794	25.18262161	38.1780278
1795	22.80089565	13.78167823
1796	32.0155122	47.52379621
1797	28.06532172	36.8536429
1798	36.71318415	10.95580661
1799	28.80320988	35.60381117
1800	38.82139277	8.204333281
1801	18.46033757	14.23485109
1802	29.98367742	37.99502848
1803	40.28807277	9.090383234
1804	56.42262331	52.3116694
1805	61.17290895	52.88045185
1806	58.01279081	51.47666675
1807	46.13834361	10.09027546
1808	31.15094371	47.07111238
1809	9.380873393	25.74345411
1810	46.22369786	8.47957466
1811	28.80242244	40.24010482
1812	13.29776398	29.04646355
1813	26.08446792	36.53394767
1814	34.28728541	10.58120805
1815	22.20930044	7.844435448
1816	12.9445358	9.110620067
1817	31.33271082	35.82616712
1818	28.59372628	38.18066191
1819	33.73056501	41.3094418
1820	26.20107433	38.21523864
1821	17.18741935	18.92911913
1822	32.18765749	43.66117858
1823	32.82668937	26.94890346
1824	16.53799756	25.71723502
1825	16.25880198	15.8610446
1826	31.72222493	44.91114176
1827	26.00323231	37.04747534
1828	57.7370219	49.18689097
1829	37.03848093	8.188167332
1830	32.4743598	10.76561042
1831	10.55302699	21.72551395
1832	13.96451749	26.44952998
1833	11.8473867	15.49697586
1834	26.20505058	41.00851273
1835	44.56946252	10.09055629
1836	61.51836107	48.64991496
1837	34.73627919	10.00396183
1838	54.88148981	46.72381756
1839	41.91137128	10.57273767
1840	9.235871367	11.90347346
1841	15.81392051	13.53081392
1842	33.16522496	9.00123478
1843	13.61276612	13.9626214
1844	55.87011556	53.25953012
1845	27.17376747	48.96905369
1846	37.36478144	12.17895914
1847	32.532485	46.54055391
1848	15.28869456	19.5971171
1849	39.13082522	15.51318687
1850	9.965950711	29.55655174
1851	51.44848142	11.96092486
1852	15.05200336	12.13632846
1853	29.94555319	41.84270462
1854	8.965080253	31.06461366
1855	38.17822886	10.49572798
1856	16.55057139	17.51157955
1857	36.57848931	9.041514898
1858	12.08385529	30.61724007
1859	29.89116083	44.75203181
1860	33.45390629	11.25195167
1861	64.57404093	48.61558999
1862	39.78880673	8.331041522
1863	38.9323871	11.9401721
1864	41.36786989	10.3856198
1865	52.63619085	52.62496384
1866	19.93616483	20.63468539
1867	38.2150167	14.03744704
1868	54.11962002	51.74719035
1869	27.75116435	41.1134322
1870	10.83332506	27.05885942
1871	24.8338413	7.071089788
1872	39.17238441	6.256709187
1873	44.42146217	10.96786992
1874	65.38115253	48.37180706
1875	29.17617005	38.92156385
1876	33.38098472	14.28120584
1877	32.74603764	44.00948042
1878	57.0084805	49.80566993
1879	19.39109068	13.62961056
1880	10.30760911	29.68406121
1881	30.46682044	46.27455509
1882	46.058339	9.649807171
1883	38.08943593	11.92575041
1884	11.7244919	12.61640628
1885	26.14841274	35.12586939
1886	51.24994529	10.79348889
1887	17.21905263	8.943815898
1888	13.71818807	19.66182056
1889	64.45958945	47.04533175
1890	40.75895194	8.090512369
1891	29.5753441	40.99029073
1892	16.94339777	7.500164601
1893	55.81594761	50.05838765
1894	13.00970131	28.18724631
1895	67.0395978	50.21756168
1896	37.69372368	8.776065489
1897	44.92912291	9.182057626
1898	18.88777206	14.73651962
1899	45.53545293	13.6546878
1900	45.23279097	8.148046116
1901	13.71638562	15.66757033
1902	32.92743888	14.23494109
1903	45.5038431	11.93105329
1904	12.23023834	29.90443648
1905	30.89676685	5.587032638
1906	25.28521847	43.35510407
1907	11.55281236	22.28415123
1908	60.06092117	47.06519369
1909	29.08594707	42.32388316
1910	11.91430031	18.95543501
1911	14.83290209	15.60007717
1912	39.16302165	8.214140029
1913	13.34308156	12.12106046
1914	12.90020864	12.52311644
1915	45.01350297	9.465766642
1916	62.22572053	49.4507963
1917	9.199546952	31.38994176
1918	13.69815526	29.02980114
1919	13.57863315	13.34707652
1920	38.00107811	8.419767244
1921	28.16773789	38.19143435
1922	10.064857	15.78589696
1923	52.42351113	46.58433603
1924	37.16341846	8.8583893
1925	66.3184144	51.13433842
1926	19.12243354	15.12387505
1927	14.70873076	22.21637144
1928	35.74262861	36.72410235
1929	13.38149163	17.47169945
1930	43.3831104	9.898780508
1931	38.65444621	10.71798299
1932	33.92354975	37.87465865
1933	49.93802749	6.529839826
1934	64.88870597	52.82341332
1935	5.453436838	36.13825652
1936	53.33052619	50.80879954
1937	37.09983572	9.89173271
1938	30.25071991	35.2726451
1939	12.13727489	5.816752599
1940	34.50819413	8.997833832
1941	14.50400872	14.71680853
1942	29.4464938	48.07190521
1943	42.45782127	4.885729163
1944	25.52257063	32.09403034
1945	61.02819957	49.41695514
1946	36.07083472	5.729730063
1947	31.24315032	38.82062252
1948	29.78707609	44.26982132
1949	29.70642537	41.88750631
1950	18.20529972	20.25733658
1951	27.28159054	9.63276581
1952	15.00208833	15.58188412
1953	60.4489516	46.25334139
1954	17.88882735	7.692036599
1955	50.14184795	47.7552621
1956	21.05556995	18.94739796
1957	59.56827705	48.78854671
1958	64.74706108	52.70688128
1959	25.89144261	36.7194792
1960	65.19048625	54.46986445
1961	11.72701569	10.65432847
1962	41.58171869	4.88966387
1963	24.61281562	38.57730166
1964	34.51688503	11.80092212
1965	31.56314392	40.28168396
1966	58.25852027	49.77890929
1967	12.13050496	26.74406623
1968	10.89295795	27.1559728
1969	38.98011066	9.162908883
1970	11.87826635	15.31053644
1971	40.58800949	10.55867584
1972	24.37421554	46.70098242
1973	17.74427708	16.25143719
1974	28.57915596	39.04607287
1975	12.74868047	11.38890752
1976	27.22574948	36.16587626
1977	48.09610725	13.27390462
1978	11.42381426	14.73987732
1979	31.74566584	36.97837574
1980	46.06149229	7.735470874
1981	34.318314	9.880667855
1982	64.43118682	44.23673493
1983	8.81003784	28.77872099
1984	25.84502014	32.44447618
1985	32.60247129	47.80887825
1986	30.87819853	47.40775232
1987	61.14711635	46.74641559
1988	15.46864877	15.43756275
1989	15.15093474	18.89943931
1990	40.38987777	10.85901672
1991	30.02836321	47.97470585
1992	46.91863787	9.082079625
1993	25.92858218	43.73220399
1994	46.86727781	8.953605858
1995	60.1013166	52.43725576
1996	9.041631648	34.343358
1997	62.19859004	50.510496
1998	34.6629832	46.9132924
1999	30.61582825	36.95010089
