0	69.93776643	31.57095225
1	20.35623503	45.93450394
2	72.46889099	33.57996196
3	70.7375043	29.46295584
4	53.23614534	8.314857047
5	49.98308562	6.977776698
6	40.68536779	36.06663319
7	20.29874422	34.25284882
8	51.6688218	8.197805557
9	18.27040272	23.54094925
10	16.85167984	40.3555762
11	19.16379603	42.68253075
12	38.87845709	19.94422706
13	69.99535829	31.76520581
14	40.88464264	40.68548259
15	48.66966072	9.50949312
16	41.22315804	39.69124905
17	21.0609375	47.21688668
18	15.79788649	33.90494299
19	55.05992474	9.935374085
20	22.77440297	39.14277431
21	37.94731261	48.16445732
22	55.45941225	12.74807563
23	19.12080546	32.85426556
24	18.50724254	44.01434234
25	58.19249453	6.625893262
26	39.88929559	37.03320685
27	41.96769137	31.15539679
28	53.73207761	10.61749018
29	61.11152511	11.07314836
30	41.67050653	40.90675387
31	14.73816799	42.17086756
32	41.59750642	45.29817945
33	15.10065044	28.99936233
34	59.37684492	6.786076164
35	17.44711195	47.42263375
36	37.6458103	32.07355224
37	38.97423835	24.38269388
38	71.1767359	26.32489884
39	38.55816938	31.95842007
40	19.54572666	47.10989816
41	52.08086763	8.325339365
42	22.0327007	49.29118062
43	41.53715972	30.09848293
44	40.11757339	39.22729322
45	53.29942222	6.466553977
46	70.09404509	29.22995196
47	16.10907086	43.72408371
48	20.59025395	64.42677159
49	19.40229734	60.68492993
50	40.6253058	17.60402892
51	68.29149273	30.08891882
52	65.45357172	32.0799075
53	68.83482905	29.72310371
54	71.02753735	31.68066278
55	59.41248226	12.24818452
56	54.19797768	12.72783717
57	40.58114502	38.0153447
58	67.1559713	29.53242002
59	53.43231595	5.607010813
60	19.59189292	40.50288942
61	70.24807075	30.50169433
62	17.14496374	31.68903216
63	38.99838783	40.50822645
64	51.44903533	6.804153307
65	17.43271244	46.56059964
66	40.19512018	25.8832053
67	69.96141729	30.64613478
68	23.88721497	36.42110438
69	58.91113015	10.6981907
70	56.82519663	10.38343732
71	21.67425874	35.81450313
72	72.80440678	29.8502373
73	56.52896214	10.01879761
74	54.13013841	12.46592264
75	18.65194164	42.70498854
76	54.51409468	7.115788701
77	39.86147967	37.20472737
78	69.89242838	33.55700191
79	53.69862556	13.24913361
80	54.89584451	7.685688916
81	70.87472264	28.14822816
82	54.09807681	10.73104515
83	25.71508341	37.00492131
84	20.96269044	39.36836683
85	14.38981335	44.95118617
86	64.36943564	28.66760783
87	70.63760836	28.88787759
88	18.6812764	21.76781467
89	23.80062203	37.42994069
90	60.41380618	10.79359155
91	75.00592569	28.18559142
92	18.09477429	28.51405444
93	40.36179363	44.93087672
94	19.60032818	41.19801995
95	70.17074405	31.05553365
96	69.63002407	29.3609938
97	19.25661684	45.76856269
98	41.84449362	30.71201997
99	23.74641082	53.69119479
100	67.64750523	33.23947313
101	40.09871195	42.57110973
102	53.43528568	17.46549458
103	20.78857713	38.25848096
104	38.63432758	30.14145725
105	17.08355648	44.7183183
106	40.91130692	23.9251945
107	38.18612159	37.12887237
108	56.24834015	8.897528594
109	39.82519756	30.77243428
110	38.78903252	28.54263372
111	73.55095766	28.62431464
112	38.48898684	32.70590693
113	55.67206895	10.9844036
114	68.13219957	34.48640157
115	67.55224094	29.74955174
116	51.93713346	9.062735422
117	20.6587632	40.9478647
118	56.26339813	9.730392538
119	68.41028113	27.60816107
120	40.03739607	43.95339677
121	54.92060892	9.66832153
122	71.66506468	28.1649394
123	53.15638322	11.39492726
124	18.01281239	34.13071645
125	41.52084386	28.50228013
126	24.12482432	29.95974947
127	70.27111511	28.72195461
128	41.58212965	33.32692778
129	24.90979322	35.069133
130	54.30757962	8.351049025
131	53.06115134	12.94555471
132	40.06424072	24.34329606
133	21.1431698	37.95365035
134	67.9166006	26.59866562
135	56.78607145	10.04539654
136	17.88802269	46.51995284
137	23.0213297	23.61287472
138	19.38812462	35.55103893
139	55.90024399	9.576385622
140	39.87896632	25.74101962
141	52.57785915	8.927642282
142	19.53334026	43.00895547
143	40.89841378	30.18896627
144	23.90463723	47.0129438
145	71.32890527	29.74482907
146	70.78203705	31.32868626
147	19.88517661	44.5588821
148	39.44242796	41.49416235
149	59.15219792	9.551578174
150	55.31824313	9.868552662
151	52.76874351	10.37526813
152	39.30741877	30.82418323
153	71.13975213	33.28875188
154	39.80658422	33.62878896
155	56.27352586	10.59590655
156	39.07431111	50.30323619
157	39.02145068	27.8797086
158	53.72827717	10.54040494
159	19.54526704	36.09736119
160	54.78534004	8.464977465
161	39.6248846	37.77865332
162	19.22085136	45.26406884
163	57.76738864	11.57879376
164	22.404041	39.00139685
165	50.27704905	11.54798991
166	71.35638359	30.6486186
167	52.90144125	9.867384359
168	53.25914715	11.67329225
169	40.91405601	35.34600001
170	57.58800544	8.757401938
171	49.94191282	9.225474953
172	38.71573224	36.20806646
173	57.53417274	9.301521257
174	57.41386348	12.77424515
175	67.0289997	36.82731585
176	53.18602309	12.47303997
177	41.14325353	32.55671114
178	51.16412883	11.4069373
179	20.19968938	36.29872119
180	57.58824812	14.29536706
181	69.97999266	31.36594281
182	54.16547004	9.29639009
183	55.45192722	12.64556014
184	54.01472209	10.96485145
185	40.91760653	36.32540703
186	19.02735049	54.39083309
187	68.61862118	30.99555901
188	48.97709376	8.300614902
189	39.46742498	45.07845819
190	69.10956045	22.64837221
191	69.43840282	32.03145219
192	68.51762749	32.30715176
193	57.74373056	9.61004611
194	40.91000513	37.20647382
195	70.05400556	32.47802357
196	40.52061054	30.33922326
197	21.8147824	38.84465127
198	18.98585267	40.78677349
199	18.15070243	32.15289896
200	42.7576784	42.88628687
201	42.39725761	38.76756094
202	71.38325322	33.4883686
203	39.64719472	40.20587397
204	72.0736982	29.1509932
205	72.11619708	31.39876338
206	18.08417447	33.39365864
207	18.08768598	40.67091078
208	69.46913691	29.50398492
209	53.63800956	13.82675933
210	72.65831088	25.72394889
211	39.18571879	16.19422582
212	55.27136062	16.6608741
213	72.27237649	28.76628445
214	68.91644501	28.21546729
215	15.97205411	38.52439701
216	38.04630574	45.51786596
217	41.98365433	42.43365356
218	54.02554036	13.30741427
219	40.48312731	47.02316824
220	66.62710274	30.40986985
221	66.41857671	31.0527547
222	59.74529121	6.603491059
223	53.72462154	10.11287696
224	73.06181241	31.51996681
225	38.50085368	41.24577094
226	58.36866709	11.69240264
227	53.93474476	11.66160222
228	40.8686731	18.83627605
229	39.85804515	47.90958767
230	71.02641665	33.36066972
231	67.59914189	28.72278818
232	23.8719649	47.1465289
233	40.11084708	30.39377498
234	21.27731219	50.7207036
235	39.72201162	37.34128005
236	39.79864887	42.99735271
237	19.3589619	40.35090034
238	37.98006455	34.92462349
239	52.6228408	10.63817649
240	39.1488391	27.77899058
241	17.377108	29.1671392
242	71.26334631	28.48383775
243	41.29665262	55.6721103
244	39.29243799	56.09282277
245	66.01034795	31.04527592
246	20.06017913	40.2410602
247	51.7492857	6.969971105
248	22.42384712	32.48894903
249	16.06486109	52.86111964
250	38.41607417	34.4285384
251	55.06734134	9.609176997
252	71.804421	29.30002336
253	74.5486882	33.88552992
254	55.00549592	11.14165686
255	53.48019271	8.900262701
256	21.84186911	33.81046092
257	42.59659875	39.55055107
258	41.81059095	37.01716712
259	67.71548312	31.71015343
260	72.39576535	30.99514196
261	17.90890551	33.71465792
262	22.162351	27.74812696
263	69.38316503	30.94619007
264	54.9995469	11.44310915
265	19.71309345	46.05571299
266	59.04839198	8.38553157
267	39.70746327	30.06670137
268	37.29227835	34.46273947
269	57.20664302	13.66763465
270	70.2893073	29.50750361
271	38.82898909	39.76433193
272	61.14124396	8.792215366
273	39.65884107	42.83764497
274	71.19000148	25.24287238
275	40.19454733	46.39549942
276	23.93481436	45.74027226
277	57.98415963	9.79515966
278	40.83556931	27.88811632
279	70.57450095	31.32145047
280	53.13285934	10.65404729
281	54.27093262	13.14649469
282	39.37252416	49.72079379
283	56.70327294	6.436589689
284	40.28038804	28.53412484
285	57.65490595	12.96904957
286	15.74772931	48.63221815
287	40.9806774	33.0416632
288	70.38994434	31.2466153
289	21.58420602	43.9102444
290	55.94596449	6.67543699
291	17.11095606	34.22481157
292	41.36359384	38.32402651
293	25.82528764	24.22884771
294	19.44079767	32.56684374
295	19.69346708	48.24983852
296	41.66050951	34.76371171
297	18.00443581	34.72764851
298	41.88532356	36.34517794
299	20.45444152	47.92063896
300	22.17508406	21.40760122
301	71.97071775	26.438188
302	54.72297352	12.91962349
303	59.41913929	10.31316542
304	39.93883481	46.58967556
305	54.45882879	11.30289768
306	55.09044201	10.22236141
307	41.81087074	40.19626884
308	69.83133966	28.98001213
309	19.07890298	39.59958601
310	71.84916569	32.9578822
311	38.584192	45.62330315
312	73.62222066	30.89338936
313	74.13025568	28.53425222
314	42.53376458	33.79151479
315	67.90457437	26.83206543
316	56.68251527	9.734319925
317	54.86192225	13.15487107
318	42.39523076	30.46166386
319	67.8484147	34.31064763
320	22.22834548	28.54047758
321	50.29241141	6.867336277
322	66.381282	27.54811608
323	49.82015586	13.30686914
324	40.93872791	40.05790926
325	41.59250186	51.55618602
326	70.80928255	24.13055819
327	71.51147764	28.41772934
328	16.43848289	39.60891885
329	69.49470846	29.70306831
330	15.54464518	38.83810192
331	69.42660657	27.49986782
332	52.26022079	11.64958082
333	55.22984573	12.04164543
334	60.2568445	7.622096541
335	22.48136891	38.7254841
336	53.42022356	9.01856569
337	55.09838482	7.525740106
338	72.6607891	30.80296296
339	67.18138136	29.93827609
340	42.54979174	30.93388112
341	18.31994122	46.67646517
342	72.67279972	30.65991657
343	39.72840823	26.0785243
344	53.01057112	10.64580637
345	24.78624589	47.44476978
346	48.11412857	13.63818633
347	20.24548663	29.82850258
348	19.55834934	41.9960101
349	70.42842895	30.21111052
350	40.71775022	38.59531039
351	70.18600734	28.49633742
352	51.92631938	8.738364093
353	56.64345529	13.30480353
354	52.89606781	10.39129662
355	58.07529535	11.8153348
356	39.69922784	27.30432239
357	23.87881429	39.9042011
358	57.09456741	5.377440215
359	55.16991072	14.14248341
360	70.6346842	29.75024343
361	54.81869918	4.995834694
362	71.77072385	32.2350961
363	67.18111419	35.13969511
364	70.38444108	28.66367635
365	39.6377772	33.5218805
366	20.84959202	37.43873281
367	40.63156896	47.57354562
368	39.21087946	62.67384301
369	50.64975783	9.810627732
370	54.44269334	13.79147902
371	63.26774203	9.046475219
372	53.66360958	10.54856882
373	39.08908697	41.06669953
374	23.26435004	43.88872926
375	71.11534753	30.3877849
376	23.83055536	40.59251709
377	67.82766599	32.5103594
378	18.68800433	31.62551789
379	70.70411741	32.94108622
380	41.92445273	32.41342603
381	37.90404779	38.01866633
382	58.56896571	9.807860806
383	70.66530807	29.77884923
384	19.74413809	21.66755097
385	39.60611871	38.74438876
386	21.57268623	40.53909218
387	55.63370032	12.9562016
388	55.4992713	8.693914069
389	16.98971637	37.98048306
390	20.94528527	39.41769843
391	60.60461208	10.23222215
392	54.58038439	12.72729423
393	24.47247866	37.21057068
394	17.8954772	48.67746022
395	40.06819876	31.06394012
396	41.09692363	42.31095144
397	58.41309212	10.04154396
398	52.65906296	10.04135274
399	68.96852098	32.37232052
400	52.7041009	9.666017597
401	21.07800006	50.92292815
402	68.88605705	33.08657474
403	53.70721814	12.35209
404	21.21989772	47.60873687
405	76.00291886	28.54974763
406	72.60244725	30.0095765
407	71.08884183	30.03989279
408	54.73787705	11.59824983
409	68.1509598	28.56354955
410	55.0416375	12.50901355
411	52.46666751	7.92272936
412	38.15580631	51.77786027
413	55.57587457	6.565349735
414	68.77390869	32.82855683
415	57.6118969	5.846209875
416	69.67957567	35.02182816
417	23.31244884	37.18005809
418	58.14309863	11.39985918
419	18.7370866	35.64211371
420	39.09144098	41.29808458
421	38.15178383	36.52331121
422	22.39712268	51.7024312
423	39.06062791	37.95657409
424	70.33200729	31.64611172
425	72.47445786	28.06646278
426	39.81708539	40.80493207
427	39.85880525	26.87632122
428	40.22979312	45.68351013
429	41.73087616	42.33954975
430	70.6846237	29.68369457
431	40.53076536	41.61221529
432	19.63831605	39.51129567
433	19.34090277	46.86714215
434	54.53642814	11.50105495
435	53.62764162	15.23893343
436	69.65748855	27.35080435
437	68.71862553	31.88793403
438	52.53599291	5.487536078
439	39.89323392	33.67533896
440	38.70189077	39.07976055
441	38.30588358	42.62844353
442	22.43197456	34.41728484
443	40.74693909	27.79284379
444	17.42572721	30.88933451
445	54.9619819	8.368485406
446	68.7412115	38.93821101
447	53.70289451	17.6453553
448	70.7341827	29.41993156
449	71.15046831	30.23106225
450	56.43882765	11.96461502
451	26.67962078	47.82545858
452	58.91993586	10.15509423
453	56.41213531	8.161568878
454	54.40333982	10.91623833
455	66.18510695	29.15849308
456	40.59197058	19.23136603
457	40.13164811	34.04643399
458	73.56220915	30.63034942
459	16.85266436	47.7454934
460	54.45315837	13.52340049
461	56.36679952	11.52326468
462	20.57270183	49.11524252
463	19.13011042	43.19700227
464	55.4724154	8.661047305
465	65.1752994	28.39626597
466	17.61780301	28.26165617
467	20.8752228	38.95291673
468	69.21755447	32.84797271
469	70.07936275	30.49350936
470	39.65661439	30.20050335
471	15.77785231	38.11152544
472	19.74303192	57.29195382
473	22.78122224	50.26878038
474	68.22062741	32.74765812
475	39.97141895	30.95680325
476	55.41625045	9.924443895
477	22.21954095	47.42348922
478	41.13544523	28.66518547
479	71.47868443	28.942702
480	25.30092249	43.02895089
481	57.99315143	10.42938454
482	52.5638103	7.762634392
483	50.27148473	9.205864096
484	54.84516813	6.753406865
485	41.70652664	34.52736263
486	19.0000757	26.82025289
487	19.18428071	26.70831058
488	71.68438566	26.7838052
489	21.46311802	45.18874638
490	52.75217834	8.662846097
491	65.07274118	30.75386831
492	23.01804341	48.61648993
493	39.57675969	37.95109653
494	67.79924704	28.17952697
495	58.78010113	10.52298717
496	26.8088987	37.05565472
497	38.80393445	24.64020409
498	55.43071086	10.32204232
499	74.71562706	33.96961651
500	18.66872049	42.4967872
501	56.88035575	5.193781172
502	57.82439188	9.909942875
503	20.69663587	32.26742481
504	71.32856895	27.53140411
505	54.81076645	6.639066911
506	52.74428449	11.60574898
507	51.14864213	13.52052702
508	70.2399956	28.3887531
509	39.22441214	46.5254915
510	68.88137612	27.1557199
511	41.61447603	37.15727428
512	55.84730013	7.171920587
513	19.89325921	40.09869721
514	20.62995798	48.3459152
515	67.22328453	30.12505888
516	70.49925273	26.5480322
517	41.66774645	25.40718541
518	67.73949003	33.15008924
519	69.58638143	28.73693711
520	72.72546463	30.21857801
521	70.03122361	31.29779733
522	16.00943412	39.70078294
523	21.04581771	33.98392465
524	52.67860711	6.974472596
525	23.44484197	33.4455055
526	58.70399062	8.830484315
527	19.76479737	45.65374744
528	18.88164023	50.58536769
529	39.56432065	31.48513969
530	55.38221903	9.870982006
531	71.03973153	34.41594253
532	38.22476086	41.54920631
533	37.30432899	31.58487183
534	22.20151918	20.60264106
535	60.12791283	12.92835025
536	39.90878952	22.59393069
537	21.6168023	33.70112473
538	54.34936757	8.64430612
539	72.51024385	28.13586517
540	38.86768732	52.41901967
541	71.1858764	28.5783941
542	61.88003546	13.03595271
543	56.71735044	7.347022505
544	20.24937795	50.71974498
545	21.33659011	46.17311186
546	58.9790395	8.679919653
547	21.02532217	43.30290398
548	21.59585429	45.85797858
549	37.03098672	22.31613273
550	71.55763703	30.2652186
551	52.44172091	8.409440433
552	70.40990189	34.31305287
553	22.51453246	28.5364063
554	58.72474193	12.17333366
555	53.16907871	10.64901527
556	66.38865012	32.76654634
557	21.84258261	42.56129483
558	54.22680665	10.28100239
559	21.81544352	37.25109967
560	38.9644468	39.95131597
561	42.47970505	39.12422834
562	53.6619395	6.042207957
563	39.82711528	43.757817
564	68.99158423	29.651331
565	22.11097309	43.53485867
566	17.1885563	44.99609847
567	69.16251693	27.33945023
568	74.1139692	32.46039946
569	72.24229482	35.51078199
570	54.20417943	10.22281607
571	38.33740784	43.91931136
572	56.46700965	10.7966331
573	69.0303157	23.75571752
574	40.55113643	26.29081303
575	54.44103324	14.04512875
576	18.27489361	38.00273605
577	56.11996358	10.80024482
578	71.19240704	31.19658735
579	71.66918114	31.69451668
580	39.51266269	42.1081036
581	15.83101481	48.16792297
582	51.39764361	8.278712521
583	56.95742826	11.55576011
584	71.28347749	31.34712815
585	39.17035086	40.7782671
586	19.88861307	49.63021055
587	39.8272522	37.51771387
588	40.72952005	30.60592206
589	67.72992626	29.78480632
590	67.72074688	25.526108
591	53.59747798	11.95894673
592	73.4441484	30.19407439
593	52.41931825	10.82375905
594	41.73873782	33.09087581
595	39.43379019	49.74296046
596	68.45260835	29.28590428
597	39.43408186	32.03870345
598	38.58711418	34.14561039
599	64.98737017	29.14001596
600	57.34750241	10.86537316
601	67.31619512	29.02949717
602	74.19006698	28.31263666
603	28.24005631	34.88967924
604	66.97334414	31.16222761
605	70.60900778	27.24891162
606	23.09228258	37.83195899
607	19.04762209	57.14694755
608	58.24797738	10.91432491
609	52.97417424	11.93074524
610	69.13150655	33.94732675
611	22.75669237	37.39889146
612	69.63787959	23.96167714
613	51.88084043	9.39673851
614	40.67350272	24.29565174
615	40.57298295	39.98776587
616	22.09378993	54.6379958
617	39.79168222	45.92657878
618	53.38503854	10.97756731
619	19.90357576	51.04066881
620	52.99618508	12.60865365
621	41.36354517	25.91742537
622	67.89043533	29.24006631
623	38.03180179	38.49238837
624	21.45565477	44.70349532
625	18.0622085	45.9312688
626	50.8758496	10.87470838
627	36.63894365	47.35358408
628	18.19890472	35.02672023
629	72.91834816	32.31744287
630	22.81968453	45.60050448
631	38.91669563	20.79156385
632	55.25079415	10.97070661
633	58.34818697	6.598798205
634	51.52758242	8.669803157
635	39.99415187	39.94331869
636	38.2696524	36.72907799
637	68.39215248	22.18574
638	55.20985422	5.397046928
639	20.08335002	27.03667255
640	53.47355923	8.530452697
641	41.87581664	35.11152553
642	55.37159996	9.122647143
643	19.47548671	47.67518453
644	19.56022163	41.85283493
645	71.20054421	31.23622873
646	39.17923062	46.60927081
647	53.37072707	10.5448833
648	23.01211111	44.30288037
649	54.44986209	12.59038661
650	21.75621042	44.88872355
651	41.20090787	40.41123589
652	57.10938255	12.84835677
653	16.88687008	31.92817429
654	40.5311116	40.22821261
655	41.51648593	39.80796097
656	53.27237086	10.39983954
657	72.78603101	25.51320063
658	40.32056009	35.61013458
659	19.56707452	47.46763452
660	58.26490987	9.185635394
661	21.06906807	40.23538329
662	59.74445483	10.8192394
663	41.8089669	32.54008388
664	21.4568848	35.38255814
665	66.11520288	34.79945911
666	69.95909275	28.29572557
667	23.1042983	41.98282004
668	67.91198382	30.44093334
669	67.95869823	31.30044816
670	73.91557283	29.79039753
671	54.45293209	13.2143643
672	41.0377231	28.08521654
673	57.06536015	12.5050354
674	41.70805589	34.2874531
675	15.10478766	42.25259954
676	38.04550783	35.23683863
677	58.59172416	6.776509378
678	17.86960544	48.01446982
679	39.61877125	20.25380347
680	62.5444048	26.13948227
681	54.0856337	9.948470577
682	55.6995048	13.50437405
683	68.0427999	30.5067466
684	67.14895777	30.37445074
685	38.91365295	27.63316877
686	40.56132853	47.6754119
687	40.93383935	45.84212171
688	51.63826807	12.03497792
689	19.39206925	48.77187803
690	41.0372866	42.47837404
691	38.62319013	37.35807311
692	66.78180929	34.16549951
693	66.99619378	29.45975761
694	15.10106217	28.76205539
695	21.72239554	52.00676279
696	67.25621956	29.33893661
697	39.09718669	26.69821084
698	50.98238924	9.448612895
699	39.79928686	35.84786764
700	55.10629113	12.38930827
701	59.74789423	10.05724354
702	72.65195588	28.76060846
703	42.55152613	34.40129354
704	40.28376028	30.09938714
705	40.90483837	32.61714066
706	70.6663596	31.21867616
707	73.79399935	30.16655567
708	53.43666883	8.491793008
709	41.21157794	26.34705109
710	39.02604078	28.26780888
711	50.80165186	8.95906831
712	17.93727077	26.72302937
713	18.40653019	33.44940438
714	57.60438542	6.525858874
715	52.51733283	11.07147651
716	54.91872693	8.482452545
717	39.65147452	42.65572815
718	65.84570959	30.87915596
719	39.70610891	34.41321196
720	69.98127126	28.08550816
721	53.62155731	12.19782565
722	67.6159091	28.63154857
723	17.67499505	53.26623829
724	41.77451169	23.37264884
725	68.61154782	29.5302883
726	43.15588631	30.89625237
727	48.35439957	10.2377289
728	68.21262474	30.96030685
729	52.90937543	7.876413733
730	53.20012147	9.424997218
731	19.09522799	31.05600526
732	71.1842539	34.2275627
733	19.26161135	31.71704507
734	40.26528726	39.06121294
735	19.68411944	60.0211119
736	55.46285355	5.75513308
737	71.83353763	28.66914034
738	23.77807952	50.84522955
739	53.08197103	10.30507928
740	54.62712444	5.798796494
741	36.74697421	32.58488487
742	57.77886237	11.34165588
743	39.68342328	53.29956074
744	55.40996212	11.28369348
745	55.00890032	9.523583047
746	53.87954983	15.2150659
747	39.9457077	30.00032581
748	71.83473156	32.82719785
749	55.03770184	8.78648938
750	17.84759565	30.35506771
751	18.5448306	38.63030677
752	41.20678508	38.64963727
753	17.23314092	47.56725495
754	69.26769186	29.77579139
755	69.97746658	25.32001338
756	69.12112837	29.30483292
757	54.70866377	16.08728237
758	21.87069198	34.08977877
759	70.532058	28.84701461
760	63.9385394	29.5124082
761	56.55688425	9.930739229
762	72.21780852	31.09877561
763	52.5872736	8.449171985
764	37.70968078	39.5334828
765	54.24280681	12.69192809
766	69.25765041	33.95279449
767	57.8047925	8.478100872
768	38.47717673	36.90346049
769	40.89443076	35.15192774
770	55.64527837	9.78434161
771	59.91510416	8.268443218
772	39.60939759	49.89846238
773	53.59039455	8.215655071
774	55.80963151	10.86626913
775	38.83267289	28.56129548
776	68.48305908	36.2835578
777	14.06168227	39.03889804
778	21.2368578	57.13267719
779	72.11751554	31.41125424
780	19.25839099	49.96616331
781	53.28524848	7.804602428
782	69.652951	29.54084911
783	54.13751063	5.219231818
784	67.74990022	34.29650586
785	20.06217639	37.53163835
786	40.80297072	36.19086829
787	52.75720848	10.36451236
788	38.52624982	41.97414315
789	68.56409179	27.43591809
790	70.47096851	32.0355521
791	17.7031145	49.27081923
792	72.77413844	26.42855347
793	15.24724132	39.20943883
794	37.37397496	23.81560663
795	41.687542	39.21838704
796	75.16941977	31.54778937
797	38.98365363	29.5501846
798	54.64966479	11.09533718
799	17.12350593	35.39762619
800	22.6154392	36.3066578
801	55.03063512	9.831238749
802	43.49208398	42.20449692
803	54.07256772	12.47769717
804	51.50069805	12.89914809
805	70.51619832	29.81605984
806	67.7796785	29.81823169
807	56.50667836	12.69037609
808	18.31679528	38.17983791
809	58.1840176	7.4957124
810	71.27774847	28.64630197
811	57.3857549	11.89537753
812	67.55896869	29.37634902
813	19.08428663	43.19778921
814	20.61806483	36.82781038
815	51.24395851	11.10723054
816	53.19308593	14.57517825
817	70.13566116	28.73078225
818	39.00979328	36.52302993
819	16.71489729	48.35439154
820	40.91722317	39.94993817
821	40.17641229	30.17573668
822	58.11425767	9.55107833
823	21.66225558	39.43054739
824	54.97259183	12.27170323
825	68.91928501	30.25825067
826	69.31847055	30.07760142
827	39.25739833	43.0799409
828	18.66663259	45.30528597
829	21.72489876	30.82076382
830	21.32663543	41.73214202
831	37.01605914	38.20520364
832	68.92841379	30.22960363
833	54.82715384	3.434958923
834	16.1588496	31.14767988
835	70.10330577	29.61903982
836	68.4576437	24.99674437
837	57.19606176	8.618271573
838	56.17000912	12.11943711
839	53.13318543	11.94931506
840	53.68640641	8.829957591
841	71.87135442	31.38189123
842	56.15946523	5.635324083
843	73.05440104	27.56372229
844	21.59135995	32.50052913
845	69.54548051	29.43460486
846	68.62019457	27.47888727
847	39.46422975	32.00207837
848	70.15551468	32.27897963
849	71.7779781	28.12739762
850	21.88217497	48.04130265
851	39.12230375	30.83383452
852	18.12764523	41.1373686
853	18.51616339	36.01373312
854	53.10108774	11.61661656
855	42.03688107	37.51805458
856	56.27038899	11.39438268
857	40.26706117	23.52848809
858	38.14777304	50.42855734
859	47.8436825	4.6637879
860	42.06695736	33.75541386
861	17.47908106	47.33254108
862	66.71209376	31.99797048
863	54.85502966	12.29982038
864	40.59253356	37.8981375
865	69.97666813	31.95185047
866	22.11651119	37.46484656
867	66.50180072	31.08590967
868	18.8616779	35.7047637
869	40.66977382	28.37455209
870	54.73565324	11.84649451
871	26.86282382	45.77220427
872	18.70879633	43.37208457
873	72.12485893	30.22693825
874	39.08167695	28.63618859
875	41.29481907	32.15529549
876	13.53752269	52.42377421
877	23.2190319	39.39549645
878	55.13411136	11.50326452
879	58.12024137	7.872525515
880	20.68228857	26.82025458
881	56.53562937	12.46512296
882	22.18560493	33.79948625
883	41.08333495	32.89925086
884	41.54806768	33.68088599
885	41.06508147	26.70585343
886	56.56527076	5.988283083
887	40.32042528	27.22762284
888	40.49066527	39.41911529
889	53.7758058	13.41076953
890	53.57995491	6.390303452
891	40.1115673	31.80597031
892	20.70614441	35.6656815
893	20.34246895	50.0064538
894	57.0539916	12.37769246
895	38.73690576	36.79360768
896	54.57092753	10.36930762
897	50.78878255	10.41713207
898	40.101263	36.51997277
899	72.6873499	31.899105
900	39.60040665	40.78645372
901	53.40799767	11.47284516
902	19.71025991	39.51115906
903	51.29613077	9.399453358
904	74.13496406	29.72136764
905	56.84809331	12.09668813
906	57.55254924	10.07831973
907	39.13390526	30.78524939
908	19.84972355	43.12291145
909	59.41205218	9.464088671
910	53.36950329	10.28143467
911	19.96722269	30.52928864
912	71.7784966	31.83778504
913	16.86878088	26.69897133
914	51.63484141	10.49466134
915	68.2658108	27.84750331
916	69.61798746	30.55571671
917	59.42201055	6.423459452
918	40.87503687	45.41620064
919	40.09590184	42.85326176
920	70.95369227	26.02380942
921	69.88674459	27.93087039
922	19.16751893	37.65633118
923	56.65740009	8.426046783
924	55.83281454	6.509387467
925	67.01387699	31.13573718
926	42.16326401	34.57374194
927	40.1822084	33.08976813
928	40.10806252	50.2118037
929	72.15588669	28.04140791
930	40.74452824	36.332029
931	40.50046579	49.3525129
932	17.91261877	32.72562031
933	41.64167933	38.02652797
934	57.22848446	9.206770421
935	18.67297273	43.45444974
936	72.09619006	28.86357745
937	71.59434418	27.98829958
938	54.07226682	8.029927586
939	54.41325397	9.791743041
940	60.83411327	7.714572245
941	14.88811141	30.59609152
942	21.60624065	55.11925459
943	19.3137366	38.27373422
944	69.20037391	27.33661111
945	21.67026427	38.15429732
946	39.34681117	43.37718221
947	20.26148042	38.92246391
948	41.55208531	33.30250823
949	53.06030023	12.92635145
950	19.64748896	27.43622327
951	71.61363948	31.24488019
952	52.84908506	9.656870195
953	20.23537777	28.58931353
954	39.06537339	32.86331163
955	41.22781062	43.57747173
956	18.63500182	42.18205515
957	58.78862097	6.25823464
958	17.94475577	51.4027984
959	38.58861736	42.83576761
960	56.2975328	9.612843314
961	74.25694694	31.54738548
962	19.17402065	40.19589258
963	49.92783997	10.45868767
964	23.46936866	30.15451799
965	71.03677371	30.02476597
966	69.72479032	29.63314114
967	22.60985144	34.96029198
968	54.92785648	8.500457792
969	41.14087157	39.22825827
970	40.25931849	48.54717539
971	17.18991272	40.22062607
972	18.45494897	29.46348027
973	39.87713412	37.39306124
974	40.6184653	28.92945311
975	39.50683081	30.61628196
976	39.71451365	32.51683035
977	41.1061444	33.94178448
978	20.36018479	41.83251891
979	57.44462924	13.23057531
980	52.8970501	8.127565622
981	67.63612657	30.91915038
982	52.68783774	9.674797068
983	41.63310389	39.25494134
984	52.85833392	9.709250042
985	68.27913831	33.84846209
986	75.26221276	28.96869621
987	39.66351861	31.21094657
988	23.69448916	32.50851652
989	41.51540282	26.98244021
990	56.47086637	11.76841096
991	20.70200846	38.96457445
992	38.43922671	27.87304592
993	38.94534554	44.79904509
994	55.3002035	11.52902628
995	68.93271432	27.62463341
996	53.69357135	10.75017038
997	40.18433214	32.16220724
998	71.33558843	32.54565774
999	52.45929515	7.14165711
1000	21.14685007	43.21625764
1001	36.91055925	44.66074287
1002	21.57030634	38.36991368
1003	54.30337577	8.450353344
1004	40.22320534	35.70517646
1005	54.07828692	12.97972989
1006	16.04968165	28.33813361
1007	38.09404214	31.00490286
1008	20.14454235	44.30575809
1009	64.62386829	32.87764765
1010	70.97498423	27.80654093
1011	54.64335473	6.835289192
1012	57.46718127	3.420314723
1013	58.06335446	10.41172103
1014	39.47386991	36.78181713
1015	68.09523267	29.36435676
1016	52.98434586	10.90257979
1017	38.56631102	40.74005845
1018	19.67958601	35.05441314
1019	41.36578155	34.99772103
1020	71.61374806	32.0505479
1021	72.17467983	31.75112666
1022	56.35241778	4.006582249
1023	69.61936539	30.72305892
1024	55.07246056	10.81663527
1025	18.76084228	25.9854271
1026	56.62832187	6.360079052
1027	23.94037407	38.45440554
1028	19.30208372	35.76321766
1029	40.50100386	41.79761796
1030	23.97811998	43.53804653
1031	72.27399232	30.40820243
1032	38.151987	18.61208535
1033	69.07515045	32.18308763
1034	20.66889099	41.62923823
1035	55.36024999	12.74164087
1036	51.29489813	12.48862281
1037	72.51387101	32.89991272
1038	59.89333182	10.49350186
1039	16.32904717	37.69772754
1040	40.35632184	38.77940158
1041	21.87228957	37.33567935
1042	52.31685242	10.64001524
1043	40.73231271	35.73882538
1044	18.44683744	34.18529773
1045	68.67624441	32.20218986
1046	68.64695691	33.36870268
1047	65.66027535	33.12432297
1048	41.14442658	42.6542657
1049	58.07680966	4.788251007
1050	37.68266876	35.24819393
1051	41.89100743	42.58407814
1052	20.51365995	31.25661325
1053	71.59375141	29.93183561
1054	19.8840648	43.52204798
1055	43.63454293	29.67551152
1056	57.50265825	5.572555134
1057	17.81552536	31.33405269
1058	23.19301529	47.75792774
1059	53.09252446	13.67685978
1060	58.65472103	6.897456337
1061	68.95691983	31.84569374
1062	38.9964171	47.22697338
1063	65.87929649	28.70407082
1064	17.03378918	40.42755688
1065	40.60067117	41.98700759
1066	71.04930904	33.73931645
1067	71.5256875	25.84933739
1068	71.17859211	31.62864531
1069	68.49957472	32.14623605
1070	52.86428572	13.36554225
1071	20.01857604	26.31906875
1072	40.65691319	28.58448977
1073	41.06617379	35.01642895
1074	54.75753506	10.15443429
1075	68.12708235	30.12810403
1076	25.00796681	35.22829419
1077	53.15617365	11.6656385
1078	26.17912179	51.11029525
1079	55.26957267	9.284840634
1080	52.9281083	12.77694815
1081	40.19089052	42.66202638
1082	53.63398183	9.966166145
1083	55.80647932	12.68338056
1084	56.40174276	7.264939409
1085	53.42220236	7.093427241
1086	67.97141604	32.34986886
1087	41.26686686	48.20182422
1088	39.28037109	39.45232937
1089	72.33438677	28.89926193
1090	38.43713197	22.01111573
1091	54.76505006	16.35698737
1092	20.32893867	32.91470724
1093	73.00203376	29.48680855
1094	38.88670009	26.17429419
1095	22.48601351	40.9263471
1096	67.92245041	29.54773293
1097	39.82727174	36.98053146
1098	71.87054772	30.17997538
1099	18.77753222	49.64831283
1100	50.39725817	13.66301843
1101	53.13784888	8.024529165
1102	72.75153979	28.71481797
1103	21.39790173	26.78007539
1104	21.03861641	46.82361931
1105	58.17754672	12.57832521
1106	55.20907918	10.38121103
1107	53.65786683	11.14407848
1108	68.00305025	31.90892589
1109	52.99159231	10.37455858
1110	37.87604282	17.85106489
1111	69.95598972	33.59027169
1112	69.96899252	31.3446858
1113	22.30976577	49.17315366
1114	39.98277911	40.90267586
1115	17.76767472	43.25593604
1116	41.85138129	38.95437207
1117	73.38771366	25.747225
1118	55.55232199	7.79098495
1119	57.57003297	14.0812066
1120	66.99012341	32.36542594
1121	39.47465626	31.47489742
1122	51.93856158	9.883611622
1123	20.89199791	39.25161866
1124	55.61379244	14.35124336
1125	57.371514	9.331504176
1126	39.24429456	39.39210094
1127	37.89777632	34.56012054
1128	71.05596243	26.39385511
1129	54.1889373	9.697301922
1130	54.79246981	9.024632844
1131	26.47027313	45.5509469
1132	73.46378176	32.07681191
1133	36.36942055	42.34371139
1134	22.33743175	31.70379886
1135	56.67299669	11.2883794
1136	16.68980902	33.6840604
1137	70.39730891	34.16710436
1138	57.04617167	12.34420367
1139	71.86321714	31.02237653
1140	18.08793017	37.27879791
1141	19.93817018	29.42471962
1142	69.68648193	27.39694876
1143	38.6785469	24.01766231
1144	54.78870423	11.00380508
1145	67.71753692	26.84163215
1146	54.9862016	10.42027301
1147	40.33483556	25.68542816
1148	56.45182211	7.979899072
1149	39.11172775	34.11244012
1150	52.509046	11.42873796
1151	18.78819275	44.04553027
1152	70.69250868	31.0237385
1153	53.76587531	8.552196994
1154	17.16439382	40.40252269
1155	51.54127067	10.08990007
1156	65.06012024	33.15633332
1157	17.66498634	47.87290035
1158	54.58033951	7.462332728
1159	59.45501475	9.98220455
1160	40.06257442	28.40139526
1161	55.82672815	14.30028073
1162	57.03601056	12.07918045
1163	42.77924739	33.17645573
1164	59.94947247	10.37335475
1165	54.72928425	12.02617002
1166	21.62041169	56.98727466
1167	64.71876246	29.10898185
1168	73.35586584	32.310315
1169	54.17166916	13.03112957
1170	24.34405569	35.10152888
1171	16.20758016	45.2439977
1172	19.78956456	38.04938449
1173	71.20408772	27.59140367
1174	58.1740345	8.392666567
1175	68.0965352	25.37507967
1176	23.35197667	53.69411792
1177	39.20273121	23.37693502
1178	65.19949702	33.11261358
1179	72.64660594	30.11106421
1180	20.36792054	37.43086141
1181	40.83589515	31.32128068
1182	17.65230369	23.42310454
1183	23.88353268	38.70501474
1184	39.24443394	38.87047555
1185	21.63631413	36.68246119
1186	40.07034056	23.46690983
1187	39.98384433	40.37243567
1188	41.62533877	36.07547565
1189	65.13533216	26.86955337
1190	56.12418841	10.83584559
1191	57.1706231	7.023846148
1192	39.20379708	36.5782689
1193	16.55150589	42.51874376
1194	57.30416214	10.58969161
1195	54.73652417	9.555858611
1196	22.70965679	44.48642564
1197	41.77557133	34.4974169
1198	55.20162894	5.925677097
1199	39.31075744	34.19560529
1200	41.17626163	31.42379979
1201	69.12369865	31.26852317
1202	40.25419037	32.91307287
1203	37.88779699	30.64699896
1204	53.82126723	8.211990757
1205	55.34841406	12.1099366
1206	71.88668314	28.28272265
1207	52.11906054	9.080642184
1208	40.99381649	20.96186428
1209	54.46258892	10.34785631
1210	74.84788412	27.11188759
1211	39.62656226	38.08447037
1212	38.7273094	39.37110451
1213	21.09044613	42.13996101
1214	41.0716796	36.60766573
1215	72.78232963	29.9758923
1216	67.59997267	31.08794999
1217	38.76926397	21.92966507
1218	41.78687184	42.08243403
1219	18.94501667	38.48199644
1220	53.10782188	9.244891333
1221	39.01077729	37.89050466
1222	20.48197886	39.12742518
1223	18.93883457	45.2695226
1224	40.12211088	42.69653236
1225	39.90764239	25.06763133
1226	40.93995393	29.06259986
1227	73.93846144	27.85547422
1228	13.89497654	45.29531481
1229	38.77491139	31.70201026
1230	40.5609542	19.53248824
1231	54.80533565	8.649752836
1232	54.86899703	7.34446381
1233	67.66577459	32.25399719
1234	38.45158782	25.58520188
1235	53.50990109	9.618079758
1236	69.44834125	32.51271283
1237	71.31482821	31.26641849
1238	22.22819909	45.21244995
1239	22.60938469	38.4296949
1240	15.49954842	44.64817688
1241	67.22955923	34.93336808
1242	40.28514742	32.23526072
1243	38.70257786	35.27960962
1244	22.64192615	43.39397069
1245	70.45686115	30.08503281
1246	54.39218166	9.684863661
1247	53.7852735	8.752271326
1248	41.14152239	26.88183747
1249	67.10826448	31.71283884
1250	21.82807526	53.73626312
1251	40.94542008	30.51742007
1252	17.5587555	37.32622202
1253	68.0251696	28.15503413
1254	37.80672811	32.13408554
1255	58.0876561	2.451872899
1256	16.21023465	39.68830248
1257	18.15883917	51.03439701
1258	20.19747954	52.27559343
1259	18.30076023	46.77360201
1260	61.6080415	9.945577132
1261	19.80260947	38.17076506
1262	53.16991737	7.671125764
1263	69.37564529	24.03037107
1264	40.92871436	39.8589805
1265	54.35200355	9.537547743
1266	40.02489619	47.8917116
1267	20.52167217	33.70973331
1268	68.39416312	31.22289878
1269	52.27372782	7.95697843
1270	56.10833732	9.997239684
1271	71.68193335	32.84930403
1272	73.00720851	26.73232355
1273	57.09847534	11.1571213
1274	22.09822413	39.64051373
1275	69.95459784	30.58121793
1276	53.7496225	12.28983762
1277	55.58344403	13.37460297
1278	76.29997355	32.03795354
1279	67.71063914	29.26773667
1280	51.83576413	9.433290715
1281	73.24695973	26.93994783
1282	56.87532427	9.170492215
1283	21.25112504	27.15020657
1284	39.03687664	29.64826988
1285	53.11456698	7.264315489
1286	57.49682834	11.55983645
1287	55.98997146	11.36613861
1288	72.32883762	27.64023363
1289	16.59891555	41.38923691
1290	20.85339511	33.68952361
1291	64.64291083	30.8988492
1292	39.38050488	46.71924766
1293	72.64275407	32.03632777
1294	57.69156576	10.90604448
1295	50.48671094	12.63421838
1296	54.49278197	8.923969178
1297	52.93317225	4.363405195
1298	21.8086731	46.28791687
1299	21.34990467	47.17580418
1300	69.50476144	30.44327231
1301	57.21900069	12.50536914
1302	58.16940094	11.08571908
1303	40.30895442	34.84190396
1304	68.45698073	29.05367779
1305	69.97070965	26.59994592
1306	68.45350854	31.37517782
1307	56.82602286	11.36605983
1308	21.32813833	48.67724403
1309	53.0333246	10.78643718
1310	57.19746576	8.9187246
1311	41.47124796	40.38141457
1312	73.140199	26.88220787
1313	20.32030246	41.08627502
1314	18.34150472	37.41344672
1315	20.0431712	42.80926315
1316	69.21925356	28.10579011
1317	55.58169299	10.40145025
1318	53.54656032	13.43185561
1319	69.51609256	32.69131091
1320	54.05935158	11.05448058
1321	69.59791333	31.65618878
1322	21.89873799	37.90746396
1323	58.21344596	8.058247068
1324	53.52486198	8.930251887
1325	38.71095371	34.74414203
1326	42.37999275	42.8630748
1327	23.70628047	52.72897549
1328	18.12609095	38.59557779
1329	39.6198357	47.2818644
1330	40.05273344	25.47096658
1331	70.31735505	29.24032604
1332	19.95564248	38.74800723
1333	39.70364572	39.07490201
1334	57.18976637	9.449203116
1335	20.59254789	22.7894462
1336	68.00729905	29.75691825
1337	58.92114539	8.657786849
1338	65.82165478	27.35241118
1339	40.09574965	38.90964596
1340	73.02424666	27.84025299
1341	53.62273564	7.403869662
1342	39.93505828	30.26377034
1343	70.49217828	30.83956179
1344	52.25857083	14.93903283
1345	21.67332467	57.30745158
1346	19.23391533	41.84532987
1347	56.38023607	8.697950839
1348	70.53772845	25.33621678
1349	54.18319704	10.43405406
1350	16.91068088	37.44479249
1351	41.41468411	31.44990158
1352	64.96474462	29.41223748
1353	17.08366355	30.87985645
1354	52.95441029	11.277431
1355	20.1537214	46.26303502
1356	38.44366678	39.49247536
1357	17.28447057	45.61577181
1358	52.5017067	11.64701043
1359	41.64155753	25.37933602
1360	69.75298898	32.75838934
1361	56.09677017	8.131994144
1362	52.90636758	10.3748393
1363	54.45124147	7.290794587
1364	72.01434442	32.21621191
1365	55.07334472	8.038160021
1366	38.29667977	42.27598451
1367	55.71142112	9.166385871
1368	38.79490309	40.01440523
1369	55.28392121	10.16137751
1370	74.52303312	28.59068343
1371	20.54892142	39.29972888
1372	18.27508714	35.01895778
1373	37.77485773	34.50914239
1374	70.9144942	29.85044909
1375	54.25344221	14.52377865
1376	17.1159051	35.34585061
1377	53.7376199	4.79476425
1378	26.12481509	35.15609079
1379	55.25396937	7.747696951
1380	23.58435324	44.30352513
1381	40.90267432	51.71957226
1382	41.58754121	32.82013358
1383	73.26585978	28.35740132
1384	24.44058304	44.96242848
1385	38.37932529	41.33277607
1386	51.87522505	12.36341447
1387	65.69986883	29.99442436
1388	52.21286885	11.00439327
1389	65.80712534	32.39019934
1390	39.49210132	23.73567752
1391	16.44266338	37.93912874
1392	52.01438819	9.751461889
1393	39.27967657	23.11725321
1394	71.91522188	28.24230374
1395	69.94570138	35.35465941
1396	66.06862856	28.55789724
1397	21.42222073	43.85292137
1398	70.55576252	31.04566338
1399	17.75039751	52.33086956
1400	71.07732512	29.66911525
1401	54.75158529	4.097562337
1402	74.36262585	30.0008955
1403	57.29983659	8.809474556
1404	38.50840668	23.58870824
1405	52.62445464	9.02051732
1406	58.69760585	11.19581271
1407	17.81186428	39.71923042
1408	39.4016128	32.598129
1409	22.33049716	34.7578058
1410	55.31256042	12.80006704
1411	52.04856658	11.92064995
1412	39.2617926	35.19556843
1413	39.59861946	38.67386331
1414	70.57090049	25.98856682
1415	39.52529455	35.15605284
1416	39.21593832	34.32342657
1417	39.13009443	30.73224575
1418	70.47902244	31.41703777
1419	69.64413593	24.47383923
1420	69.51253249	30.27952048
1421	42.34983065	38.90134543
1422	74.98557692	28.39744807
1423	37.96496825	54.39058051
1424	41.71258305	26.99559185
1425	18.02954269	36.52089257
1426	55.88069992	12.76479045
1427	71.30134469	31.74627164
1428	19.79636163	37.59088608
1429	69.41758172	32.80102814
1430	22.49510318	41.49766855
1431	71.89832351	28.7395182
1432	41.75818007	30.68041071
1433	40.56213405	28.21655857
1434	40.31370092	52.76827334
1435	55.68308284	10.28694544
1436	39.64097715	34.00793617
1437	71.1535665	30.97132051
1438	70.03694844	27.31184875
1439	53.65821557	13.78446312
1440	54.85416901	12.36234748
1441	40.62232053	42.92902222
1442	14.91754191	28.75450939
1443	68.46602717	34.72139882
1444	21.28737065	31.3674985
1445	19.84672105	44.94489781
1446	74.07083817	28.75497888
1447	67.85454124	28.98870869
1448	56.07832403	9.872907959
1449	67.41220909	27.63049079
1450	22.5483594	29.02755962
1451	18.14272081	46.32108162
1452	68.50299103	25.07972524
1453	20.07860483	42.80516525
1454	52.32006176	11.14258687
1455	53.96840067	12.37709589
1456	66.98355926	29.83667213
1457	22.40121139	37.05716381
1458	38.3762243	31.14921999
1459	57.40476718	12.8684629
1460	68.19725554	31.24759423
1461	52.96687694	8.805059791
1462	17.79797867	44.55151795
1463	38.78956384	36.79961605
1464	68.3381105	30.42722107
1465	12.14995556	42.31666028
1466	25.14663994	29.15863791
1467	70.88024019	34.82284886
1468	23.55065186	41.18686066
1469	21.88318607	50.39351652
1470	70.0385578	28.89471424
1471	60.28808115	10.33087997
1472	56.73316284	9.435709002
1473	58.54098725	8.14324036
1474	19.45800058	42.45088093
1475	55.51804562	10.1436637
1476	56.04038549	8.000254501
1477	71.44835001	29.62807389
1478	73.91228347	28.10434426
1479	69.8298462	25.02932178
1480	20.65419677	50.25128717
1481	58.03115218	8.319437762
1482	22.83505651	47.03630832
1483	73.12389524	26.80309843
1484	41.38036962	32.06739172
1485	53.64410546	6.332674058
1486	66.24788548	33.42532226
1487	20.46160012	48.08255317
1488	39.14070454	30.34589263
1489	18.6281547	32.68690598
1490	58.94851497	7.868395111
1491	71.31572554	31.41395644
1492	40.72464399	36.44629928
1493	68.15035278	31.14799081
1494	57.04477446	10.08769717
1495	38.25197385	36.16698869
1496	70.16640905	30.11765447
1497	41.09168479	20.16697966
1498	55.34598619	12.60630731
1499	39.30057916	15.90068396
1500	54.27685651	10.62576112
1501	71.80541395	35.82203735
1502	53.81687003	9.771276291
1503	70.27509394	26.62004461
1504	41.1645247	50.5455349
1505	59.1735658	7.630034763
1506	38.67694801	27.70657402
1507	54.56782141	15.40644912
1508	71.6468352	29.46446837
1509	26.21158773	38.95991508
1510	21.61767185	28.25734349
1511	56.25235182	11.75343122
1512	21.0263415	36.13413621
1513	17.46072322	45.9874324
1514	39.50884544	35.86863031
1515	71.30625081	25.5035799
1516	19.23716573	50.90469482
1517	55.99231126	9.76896067
1518	55.75139465	11.3844343
1519	70.24557336	27.57424245
1520	70.47447812	28.85373335
1521	55.09680312	9.800502856
1522	67.87715288	25.98526393
1523	40.24893652	42.43211569
1524	55.85672441	8.037888434
1525	52.4648183	10.93972842
1526	39.79045985	18.30623299
1527	70.04044174	30.43351858
1528	68.35128358	32.18355941
1529	55.95201255	11.42099358
1530	39.08584796	38.48045989
1531	19.88712934	46.90247241
1532	41.10191591	22.05070587
1533	40.32005202	32.97331215
1534	56.22649349	13.38194676
1535	50.73155573	9.509844496
1536	67.27186594	29.45902123
1537	38.20307373	29.46749417
1538	74.69657235	30.95205904
1539	54.5435719	11.54449004
1540	48.53464584	13.52505092
1541	39.67987425	41.66485207
1542	18.21101738	35.19907605
1543	70.44551644	25.49525522
1544	19.70291374	46.30971322
1545	53.91711442	8.690187715
1546	39.15788751	28.34138926
1547	39.25419521	33.29543651
1548	55.14131979	7.488858865
1549	52.83270227	9.65874275
1550	39.0253806	50.35320783
1551	41.27102659	31.23568733
1552	65.83942614	29.67013992
1553	16.14953401	33.94637028
1554	54.83560629	10.15094705
1555	18.10618281	43.61805292
1556	70.58710589	32.87069949
1557	21.34345953	32.83903527
1558	17.21037814	25.07635641
1559	58.04753312	7.83359295
1560	56.86219612	8.023721709
1561	40.27519041	39.25975744
1562	70.8508622	28.04699257
1563	18.45139544	40.49791232
1564	21.4450461	45.90423224
1565	59.44068639	10.81977969
1566	25.64409778	32.35191545
1567	41.24543211	38.87028663
1568	20.4502529	43.00411576
1569	53.11117158	10.60778342
1570	41.1352907	40.27690189
1571	57.0442306	10.5034707
1572	39.55380669	33.94269847
1573	48.82269479	10.411342
1574	53.32707131	10.28123095
1575	40.15902872	36.27880364
1576	15.71735897	40.28369439
1577	57.92558984	8.004581946
1578	50.62771051	6.409010141
1579	68.98402443	29.08556797
1580	39.85666425	22.68143805
1581	22.18279397	43.50272751
1582	68.1167161	33.41530428
1583	19.09058766	49.7356517
1584	53.86157864	9.436584604
1585	19.76174845	35.39868149
1586	41.04090571	31.37917485
1587	19.06895119	48.80022246
1588	69.58954937	32.02334925
1589	16.011839	51.7170689
1590	54.67168533	8.158104443
1591	20.69701872	42.05064798
1592	20.56563119	53.69329643
1593	71.376595	29.81028883
1594	19.2131157	39.56512367
1595	21.45907791	43.04856309
1596	20.09795882	30.49389858
1597	55.15788302	12.95504885
1598	41.03828464	21.90081377
1599	39.02406246	32.97519034
1600	57.88787257	12.54192139
1601	42.17418568	28.0799616
1602	54.79633533	6.596997678
1603	69.31114893	31.61293072
1604	19.2716381	38.01035702
1605	58.81217546	7.15638713
1606	70.05437976	29.17374774
1607	19.55118609	31.08302676
1608	21.11554413	27.30915009
1609	53.8860591	4.622511188
1610	75.26381964	30.45325779
1611	55.22319094	7.271219613
1612	71.7328818	28.38807078
1613	67.79892595	27.22369456
1614	40.16038324	19.29421835
1615	69.73538761	32.41932519
1616	41.61818026	30.56174895
1617	40.37971657	34.63853247
1618	19.9931391	51.42028448
1619	40.40953454	30.50732784
1620	21.24696279	43.48405002
1621	40.43936725	39.31869216
1622	72.3263502	29.32789404
1623	41.24623221	30.2980656
1624	20.01244524	54.07287062
1625	54.18019252	10.51611072
1626	55.59137629	10.2465764
1627	57.09446121	12.71223034
1628	20.93534323	42.38051773
1629	40.54470695	42.49652728
1630	41.24106181	37.37703252
1631	42.46960933	38.62101894
1632	69.4957767	32.88907411
1633	38.0745682	42.0410551
1634	24.65676475	43.64434657
1635	69.57271526	32.08500091
1636	54.90729149	6.090936985
1637	65.90702651	32.29792287
1638	71.46625832	28.43067167
1639	54.15450718	11.89590816
1640	58.30280553	10.78801246
1641	71.76598382	32.45905195
1642	51.98403916	9.397242306
1643	38.39038463	39.11784831
1644	53.13656979	12.9846694
1645	53.15921864	10.66434718
1646	17.84170332	34.66565681
1647	38.17284046	49.54475005
1648	21.98244866	46.60830127
1649	52.58971243	9.036932602
1650	18.73631675	33.7318681
1651	20.9990626	42.78776756
1652	38.64132348	31.42655533
1653	39.97906048	33.40281502
1654	51.55758259	12.8286925
1655	73.31414913	30.19458756
1656	68.66946428	32.58666818
1657	39.53402423	35.8485773
1658	55.03572595	4.917914757
1659	50.0285963	9.736741915
1660	53.5992288	12.34620809
1661	65.71911457	28.43702688
1662	59.53794655	14.94717523
1663	39.93469641	28.94418296
1664	53.96801074	8.119398771
1665	43.48863594	32.76748599
1666	22.98843613	52.36030661
1667	71.27176987	27.18858727
1668	72.13239555	30.23734842
1669	68.91821421	25.65559139
1670	60.14181861	9.423196152
1671	41.12378855	31.19674464
1672	56.37953361	9.191935564
1673	38.39706614	29.57900851
1674	70.28399754	25.90554656
1675	70.32715607	26.15802893
1676	50.79733727	10.36445433
1677	55.76241098	7.967400124
1678	20.83744896	39.32307481
1679	71.81431035	32.24104622
1680	40.85515951	31.62541858
1681	56.25114819	9.621536802
1682	69.90538504	32.15198011
1683	19.06511471	41.63457011
1684	70.67984875	28.87793916
1685	38.60773451	42.35943575
1686	40.79137941	37.96124758
1687	38.95143469	29.71122827
1688	56.67006315	5.136887723
1689	22.06875036	37.26914785
1690	37.79007314	34.72469435
1691	67.37871116	32.07945035
1692	38.52051593	45.11188362
1693	40.1320486	37.00173396
1694	53.46850917	8.669727839
1695	52.91048536	13.94837328
1696	18.83966964	46.78833736
1697	54.48564443	7.975839685
1698	54.82511329	12.47467632
1699	39.4734355	23.07806988
1700	56.39071851	8.747549636
1701	40.54529569	33.8108611
1702	68.43193482	27.61121954
1703	53.28965981	12.6765101
1704	71.6357413	29.45510023
1705	53.7018494	11.4000782
1706	23.70467173	45.51709175
1707	49.3188101	12.72537779
1708	53.89818123	17.44841457
1709	54.95499324	8.694057834
1710	55.19572802	11.11874745
1711	20.41458021	47.02204717
1712	42.88957113	30.61999627
1713	37.99194973	39.999903
1714	39.92288758	35.48024869
1715	41.02099385	33.05771169
1716	60.33102017	14.23793384
1717	53.20504191	10.73059065
1718	66.75539992	24.90671339
1719	69.19016855	33.45825661
1720	72.01410443	27.58074765
1721	39.0091631	40.76343782
1722	69.07226598	29.29996188
1723	54.56521488	8.043585641
1724	53.90012099	8.149841782
1725	54.79148863	7.468631728
1726	20.05237659	39.96101804
1727	25.30300881	43.59006972
1728	54.99373787	0.319967771
1729	40.1423374	51.61586726
1730	20.71804157	36.67233557
1731	54.39390252	10.28199815
1732	56.9434921	9.308441097
1733	67.12206092	31.45637029
1734	53.61843432	11.16191201
1735	20.88576007	37.58541677
1736	69.51983267	26.87261084
1737	75.82653101	29.8141041
1738	42.86395517	36.82402359
1739	53.82739058	7.501293031
1740	50.94884036	12.63591491
1741	56.48032994	13.30736747
1742	18.87306527	58.74863547
1743	40.43843242	31.94079186
1744	21.2044844	41.44785111
1745	41.67949352	32.01711092
1746	40.96495629	34.19958234
1747	40.95601726	33.2692316
1748	40.42452362	38.87860042
1749	19.44860046	38.18642976
1750	19.86980779	31.08302151
1751	25.53324929	56.86090516
1752	57.85370119	11.57123534
1753	18.82181653	43.02268703
1754	39.67405152	41.07671991
1755	39.91952116	43.95368401
1756	39.73241282	26.80493268
1757	55.96003661	8.410229044
1758	55.72049224	7.356048949
1759	54.08044669	9.746520216
1760	55.19358674	8.987083826
1761	20.57234176	51.07008717
1762	23.15839557	43.27075171
1763	68.00065576	30.9255462
1764	53.3851556	8.91195649
1765	70.96373772	31.2250366
1766	39.84310475	39.12590298
1767	66.29943594	32.81242784
1768	53.4819781	3.882969839
1769	18.62804419	36.28051789
1770	39.76169586	37.66174973
1771	57.85522225	10.01489258
1772	19.49166949	38.99442009
1773	40.07267641	40.58451311
1774	71.63676866	33.90813265
1775	68.65217035	30.61299502
1776	73.15182687	29.02305707
1777	18.45168366	38.27566947
1778	41.44613975	31.12903069
1779	50.6575166	11.87764032
1780	40.38923383	40.00632664
1781	27.01283239	46.14093438
1782	67.3850287	28.98333291
1783	51.98784045	12.51624264
1784	67.82337946	28.53863893
1785	42.38843963	34.0850055
1786	22.93479682	52.40880008
1787	20.45496751	47.26068583
1788	74.62018017	32.14171691
1789	58.10536259	10.88928858
1790	42.05051518	41.96720595
1791	54.55667783	7.622922436
1792	18.67431564	46.34964419
1793	39.76909141	37.64976129
1794	39.91452275	31.36389921
1795	41.61147666	44.25136732
1796	40.98584238	32.63396353
1797	54.91435991	7.30795553
1798	38.53458065	31.57807305
1799	18.39492768	45.00279378
1800	38.55014397	44.15892616
1801	55.35585891	10.82259613
1802	20.83490852	33.04653243
1803	50.01646613	8.562301475
1804	65.35189661	31.18879473
1805	43.76931298	39.40937796
1806	18.60178469	45.54241004
1807	72.31013399	28.17542167
1808	18.40952483	42.6604422
1809	65.48997622	31.62483033
1810	40.80840326	39.14010021
1811	52.20442403	11.85896307
1812	56.17155371	13.40524263
1813	41.26627192	48.14865662
1814	21.54245595	38.43430428
1815	53.95021508	10.26523204
1816	40.75892623	24.72015597
1817	39.75573555	29.14553007
1818	68.43365612	30.96594367
1819	21.6359731	46.24589806
1820	66.75934445	28.87050394
1821	17.85947307	37.68613759
1822	56.32078693	12.17229689
1823	54.49630423	14.25225394
1824	71.44558623	24.98850449
1825	20.12435304	47.65439804
1826	40.12843947	35.0682469
1827	40.30421063	46.47333516
1828	38.65255367	34.96007736
1829	27.1428001	32.62257392
1830	19.38926922	33.157053
1831	69.28562702	31.05882499
1832	19.75055111	39.38017852
1833	55.42784329	10.35160087
1834	21.17957665	28.11122562
1835	20.37165227	38.78093969
1836	41.69874109	34.50685269
1837	68.26812471	25.65468155
1838	39.69945471	36.69470133
1839	69.72289319	31.95433306
1840	19.02360528	34.91814129
1841	59.39813456	7.828835441
1842	25.20022593	38.69843035
1843	72.65951544	29.84041685
1844	21.93309742	38.46702805
1845	53.61090396	7.043771489
1846	40.14521865	26.41973582
1847	70.53319914	29.57312668
1848	39.59562792	33.6906124
1849	18.2381594	35.38259296
1850	54.31085521	11.78364775
1851	54.19742885	11.34965359
1852	56.66032627	11.86580215
1853	54.03685424	9.731980724
1854	54.46386491	8.318002772
1855	25.01483249	41.43276167
1856	55.38163122	8.100127109
1857	54.23194113	13.77290593
1858	18.77570816	37.60221897
1859	35.71158899	35.40321365
1860	53.21312382	8.61913458
1861	40.75299613	28.94811262
1862	55.48128637	8.479489511
1863	39.94289312	32.60551596
1864	52.49592222	10.8417622
1865	41.11006581	47.95356864
1866	40.8176452	26.9681224
1867	56.283399	6.378045212
1868	19.43713691	41.30818161
1869	52.10032602	10.98627705
1870	24.33487071	37.28633288
1871	53.16915078	14.76555691
1872	55.24786753	9.053884776
1873	55.40982899	8.894069392
1874	17.67754194	20.43401979
1875	73.16647335	27.81931483
1876	55.15134775	11.94758176
1877	71.41508388	29.76293934
1878	50.55500603	6.617838231
1879	69.9329512	33.26577702
1880	66.81891037	30.87573876
1881	72.06573584	26.36721641
1882	19.73945757	31.11172514
1883	69.81314188	28.97688786
1884	39.6671063	28.21837549
1885	22.1015977	47.26749146
1886	18.77686908	45.90892055
1887	55.31213924	8.729821182
1888	66.31799925	28.51124685
1889	37.16551972	38.00163904
1890	15.74302492	28.18646487
1891	54.77444746	8.631075127
1892	73.35464715	28.73922532
1893	41.2601911	29.68038947
1894	17.76678383	41.86757912
1895	55.18735855	11.85817811
1896	16.82076276	39.11940239
1897	38.92590935	45.98724979
1898	18.24237032	35.6008791
1899	67.73890473	30.86462526
1900	17.71721607	48.82378106
1901	21.461683	34.01610916
1902	58.97867752	9.331399451
1903	71.1600337	29.71228967
1904	40.05742348	25.7026125
1905	71.97651388	32.3167272
1906	52.73504926	10.58347126
1907	39.1372166	29.74855165
1908	59.65698489	9.807973566
1909	39.32716391	49.67362535
1910	68.54308443	27.62853233
1911	67.98185794	26.13997725
1912	72.45744995	22.84653667
1913	69.47301161	30.17124718
1914	67.13521805	32.83833023
1915	18.09595255	26.4541021
1916	38.74705089	49.63110421
1917	70.03887368	31.53096331
1918	70.56946369	28.41924864
1919	69.60384893	27.45617104
1920	69.42710647	29.04511122
1921	38.83547249	26.34344256
1922	40.85746929	29.00864097
1923	68.66522942	30.62073603
1924	41.15283624	39.26658992
1925	41.86260415	29.43727311
1926	21.48096091	26.37923455
1927	71.01015536	33.08245245
1928	74.30145164	25.95339006
1929	71.1588665	27.25976026
1930	20.37940965	50.3806772
1931	69.5611412	28.77038009
1932	18.52883804	37.42672537
1933	51.53724569	13.14729205
1934	73.41377126	33.05364532
1935	66.54958075	33.06562713
1936	15.98693323	35.41896528
1937	68.05235371	29.18346876
1938	21.91666473	40.43183516
1939	38.86689192	33.25787329
1940	66.51089178	29.32581539
1941	40.01903012	37.97833819
1942	57.30135746	5.700719404
1943	22.96858125	39.07406779
1944	55.00974123	11.62322435
1945	16.9410915	33.78963056
1946	69.72462094	30.29284129
1947	53.65647239	10.98040072
1948	39.97559356	40.76437474
1949	71.72436807	30.46678476
1950	55.83775289	11.172742
1951	70.86522217	28.45472854
1952	23.2614687	26.33393719
1953	55.58179214	7.28665894
1954	76.28157012	30.09354496
1955	55.65247998	8.365009443
1956	37.95896201	40.76494289
1957	59.52547659	11.65933583
1958	68.5019753	27.55897478
1959	54.55520842	9.674185284
1960	74.57261601	26.91963545
1961	24.2143857	33.57326706
1962	56.76160898	13.51614019
1963	24.11507654	44.51427745
1964	69.06570899	24.81810448
1965	69.87888331	29.69148346
1966	39.29527423	38.53402733
1967	22.17181159	32.2573422
1968	56.05767464	13.08533801
1969	19.94801484	46.86273286
1970	69.69713699	27.11608039
1971	20.20165372	50.88638867
1972	41.37885394	30.07727731
1973	43.20296854	27.63777191
1974	54.21916274	5.988025332
1975	15.93301774	39.73511873
1976	20.12997373	38.02412693
1977	38.74128091	35.97540279
1978	40.58817818	31.84143879
1979	72.08415751	31.92213672
1980	23.01598243	45.16396915
1981	54.39389389	9.955921109
1982	18.49846935	41.93460877
1983	56.40632496	8.894830147
1984	41.58765035	36.81424344
1985	56.83295031	13.69379498
1986	66.41858366	29.43511634
1987	70.2019127	33.63755919
1988	56.84020097	11.87889861
1989	55.47838044	8.046980367
1990	16.71743427	31.59965625
1991	65.81982325	29.12548327
1992	68.58970871	30.6163254
1993	19.35183388	40.5952438
1994	55.2425895	10.45056992
1995	17.80216443	37.76072159
1996	69.06309159	23.2491178
1997	20.68204192	24.27775466
1998	73.37390393	28.99010859
1999	19.04681867	35.49876288
2000	52.30188853	11.78430818
2001	18.61080824	38.97942535
2002	69.89682801	33.02478773
2003	55.02103042	9.988032927
2004	58.28217575	8.757782239
2005	68.8886669	29.38625147
2006	15.84878016	40.2391603
2007	38.07113252	41.57144036
2008	51.95587147	7.857784487
2009	68.05532494	30.62866061
2010	39.54066798	37.94790527
2011	70.67492137	32.03043175
2012	19.40634624	33.79258343
2013	23.01002518	38.70994339
2014	57.72535907	10.69790538
2015	67.98178206	33.41932587
2016	20.18709057	28.93142956
2017	42.3027073	32.92841772
2018	57.15689602	11.13320171
2019	56.79497354	7.45964153
2020	59.07753966	8.797097635
2021	20.55842641	47.70981372
2022	19.54908092	46.39716628
2023	40.65990212	30.71280593
2024	23.1995728	49.60595898
2025	69.56375201	31.30600782
2026	72.13885452	31.37897567
2027	39.0518059	33.71021512
2028	22.84635781	46.35100186
2029	23.1981559	47.49586427
2030	22.57361682	29.66712845
2031	58.30346377	10.3597962
2032	67.03668446	33.94063716
2033	18.74854248	40.66965375
2034	55.61091775	10.18502546
2035	55.11407106	16.43380005
2036	39.46209778	20.25724691
2037	50.49972397	12.81956298
2038	49.35095267	5.000518624
2039	39.48427666	24.51936868
2040	71.32162066	37.6472623
2041	41.13178185	39.73844152
2042	22.9459066	47.971898
2043	65.22989022	30.44742089
2044	69.22344797	29.83622177
2045	43.31228913	39.49850864
2046	38.59270021	48.02157068
2047	58.80772144	10.34225863
2048	55.17786875	11.36711412
2049	40.39333684	30.92491144
2050	38.89230109	40.97768038
2051	68.13369774	31.91870621
2052	56.26152863	11.13432708
2053	75.01990586	31.1917588
2054	40.79343011	29.87675255
2055	67.57550271	28.27669851
2056	39.94071246	34.90537271
2057	14.38403659	35.04551172
2058	41.42412134	45.6082027
2059	19.41657683	32.34887674
2060	71.31214873	30.96107489
2061	55.37756545	10.96999342
2062	68.44997121	32.86613965
2063	38.48782822	37.41979363
2064	52.41175069	8.315481901
2065	16.38315332	46.94354869
2066	57.17395359	10.72127145
2067	68.39304778	27.11186923
2068	25.30988621	46.81743038
2069	55.60111597	8.813361714
2070	70.44823957	27.62696238
2071	55.5638016	12.10452984
2072	69.84851761	33.35123035
2073	39.69644207	40.13234641
2074	66.37062661	25.09532764
2075	72.38458366	30.84326576
2076	39.60540536	33.89141036
2077	19.45380186	50.74443788
2078	21.25782371	29.1416161
2079	21.16887757	44.24182123
2080	18.78171754	33.50272058
2081	38.73558978	31.36764825
2082	66.33123531	30.92378427
2083	72.22123066	26.15869205
2084	69.21456101	29.46967907
2085	73.25955061	32.22157729
2086	40.63949254	41.13473006
2087	38.68651008	38.01437936
2088	39.15029829	32.68015008
2089	39.69248166	13.89466382
2090	52.16662061	9.749664056
2091	20.23321618	36.30127249
2092	19.95542476	45.31838373
2093	51.4593931	8.418385256
2094	57.05614565	15.13828513
2095	17.28572769	31.09927487
2096	21.74196947	37.50627699
2097	18.4856336	31.38747751
2098	57.00843173	9.060730602
2099	52.25155614	12.34501678
