714
1149
1656
1821
9
968
785
456
805
86
977
1278
460
916
852
1186
1362
334
1208
1174
1718
137
569
1361
42
427
1403
637
1547
337
1629
202
18
1451
1950
428
1276
1927
1103
14
1213
1482
825
346
532
509
1659
1884
1412
1954
744
1291
1207
551
865
576
579
295
1779
1582
1564
147
908
468
457
774
1260
1008
966
424
1910
1435
1230
1193
1961
236
1312
223
828
1533
767
1519
1224
1592
338
995
1466
586
1373
1848
981
1521
450
1065
573
357
1888
1757
1248
651
918
987
44
1309
60
13
590
629
1263
356
246
814
45
922
1315
875
118
1793
422
928
1288
1709
743
895
1662
955
1071
284
116
600
1548
283
277
876
1956
109
1491
1515
1901
706
404
142
1257
1481
1770
1978
1454
228
1326
411
1115
21
350
1269
1694
308
394
698
1445
685
1767
591
1840
797
917
465
1084
1413
1386
1002
339
753
405
1473
564
1092
829
1887
1274
1825
433
262
1926
1711
1181
989
1801
1470
1120
1939
8
958
1456
1490
890
1929
1180
537
1762
1843
1701
634
1348
930
941
561
834
1457
1302
1132
810
171
860
1333
328
1913
1086
1735
1476
1681
1614
292
1447
994
1380
1296
915
582
635
1911
125
1430
499
731
1628
387
1952
625
224
1554
1185
227
1506
517
1079
700
1083
524
1852
1922
1973
934
790
1704
1497
1639
1841
982
1722
1196
1226
1833
498
704
104
82
203
425
1728
126
372
241
1049
244
1816
1989
1740
349
1866
354
343
1919
230
812
1010
663
872
889
312
784
1242
1831
1988
1001
1672
444
974
618
879
98
123
1795
1601
693
971
546
1508
1898
1492
54
1856
842
882
1914
268
1892
1094
1418
1331
1536
1415
1342
1129
409
1060
143
1970
1375
310
986
256
219
124
628
38
985
413
1292
1188
1975
1146
1758
1750
1879
1199
562
708
452
471
1303
1743
1537
602
117
1744
870
585
662
1790
1773
1056
1301
155
50
1941
434
1123
385
220
745
1104
1341
993
1055
1
1150
565
1560
476
949
654
1683
1082
1172
251
1907
1425
887
1047
1020
304
709
1053
672
270
518
533
950
1006
1599
1114
180
1721
1218
707
298
1220
1108
856
1469
148
1947
1234
266
1182
1279
1756
293
1972
936
1697
441
1511
888
206
430
120
733
76
1572
1136
1272
1245
1668
370
1050
1685
1799
1009
1551
1853
1583
523
322
1283
267
1726
821
661
1243
24
777
1298
1819
92
931
1100
375
677
333
702
181
598
811
30
705
607
173
146
587
1928
364
965
1729
314
611
1028
1429
754
699
873
1249
1822
730
1885
449
902
435
749
229
666
1080
1820
650
1891
614
1753
1571
207
199