1254
886
221
880
41
332
962
1818
1808
773
501
1141
1201
1388
1376
1597
983
1289
1640
1357
596
378
1665
1657
1522
1687
622
274
1161
630
1562
893
22
103
393
416
1266
848
750
365
195
610
592
1472
107
1965
864
675
1440
121
150
1979
1638
495
1354
1494
213
566
368
447
1627
243
1157
1076
802
1054
665
316
28
1737
970
17
1741
1826
1151
897
1921
770
1531
1495
330
288
1993
1332
344
664
1811
331
87
1428
1649
627
1487
1214
1187
194
559
1526
680
1797
1407
1881
560
1991
432
407
1932
1771
1909
1708
1847
1827
1178
1325
1813
935
7
1650
93
1317
867
1944
205
1143
179
780
261
788
1147
486
187
1942
1051
1539
68
866
1794
341
527
1105
1532
1064
1974
442
1502
703
1647
1679
1707
96
302
1033
1432
859
1607
1477
933
174
52
294
715
348
1037
961
1173
212
1118
682
718
105
1611
1070
1702
48
612
938
1431
1578
445
410
1859
763
1527
636
1221
1294
240
973
822
80
1999
781
734
653
572
868
1600
581
101
1802
839
1787
1677
1769
1385
131
390
320
1654
113
697
1235
604
1623
1078
1442
29
1198
643
63
1620
712
1261
619
1200
453
141
1588
740
1948
1609
168
1568
674
459
170
1742
478
1761
345
1648
571
742
1026
769
1725
1985
1513
1817
491
326
1347
1549
1194
4
271
59
1320
134
296
813
114
488
1349
956
1626
1244
1394
940
798
1121
384
108
115
1720
1328
1250
193
239
846
1682
377
1678
211
786
558
1998
863
617
1189
525
1963
521
300
1780
1175
6
782
768
1029
1765
1561
1016
1785
729
12
1025
539
423
1766
833
1589
1110
1587
1287
808
1938
603
35
352
1478
462
1823
1776
474
1584
1474
324
1446
1585
683
1621
1518
641
832
1712
1906
110
1625
71
1875
493
436
1796
47
1553
1015
1300
710
1543
964
515
516
944
1792
645
61
1869
1959
260
1475
507
1057
1314
1014
396
1834
1984
717
401
1089
1339
644
1986
1510
695
420
1039
1139
1949
913
1305
25
979
1113
1747
1067
504
403
1443
799
1877
1159
323
980
1845
1334
1976
820
543