1
22
51
53
88
99
102
142
148
155
232
292
320
411
423
454
528
558
559
638
652
663
699
720
729
737
770
826
837
865
868
994
1031
1043
1065
1138
1225
1262
1265
1459
1560
1588
1641
1645
1665
1683
1726
1885
1911
1934
2029
2064
2155
2188
2201
2222
2230
2294
2340
2371
2507
2538
2553
2568
2618
2620
2653
2752
2807
2878
2886
2910
3042
3178
3259
3299
3317
3370
3460
3487
3555
3577
3598
3721
3798
3824
3841
3887
3890
3896
3926
3960
3974
3990
4030
4057
4121
4197
4258
4455
4524
4528
4544
4643
4656
4661
4711
4744
4775
4886
4900
4959
4972
5003
5139
5334
5352
5407
5435
5485
5501
5549
5553
5571
5626
5639
5645
5655
5732
5779
5833
5836
5910
5979
6010
6075
6099
6122
6147
6171
6204
6214
6253
6255
6313
6424
6437
6468
6473
6521
6552
6618
6693
6700
6801
6892
6963
7050
7127
7135
7150
7175
7190
7213
7319
7361
7380
7387
7403
7525
7562
7640
7661
7700
7703
7713
7725
7738
7762
7779
7782
7801
