2
15
17
30
47
54
64
68
75
83
93
97
112
127
144
147
149
150
154
157
163
185
188
191
192
193
204
206
224
230
235
242
244
256
257
283
288
289
294
303
308
310
315
318
322
326
332
335
338
345
346
352
353
358
362
364
373
378
380
389
395
396
397
405
407
410
412
415
425
426
437
442
445
447
453
458
462
472
482
483
491
496
512
522
525
529
530
534
539
543
551
552
554
556
566
581
588
589
593
597
602
603
611
612
613
628
639
648
650
656
661
664
666
669
671
685
701
706
713
714
724
744
747
757
762
764
767
768
777
781
788
796
797
803
825
828
840
842
846
847
848
854
859
864
866
875
876
879
881
884
888
892
895
896
903
904
917
920
921
922
927
932
937
959
961
970
975
978
1001
1004
1010
1019
1020
1025
1027
1033
1035
1056
1066
1070
1071
1072
1073
1074
1092
1094
1096
1113
1132
1133
1137
1140
1152
1153
1154
1160
1161
1162
1165
1166
1179
1182
1184
1189
1192
1193
1194
1198
1203
1205
1217
1221
1222
1223
1229
1266
1272
1278
1280
1284
1296
1297
1301
1303
1305
1307
1315
1331
1336
1346
1350
1351
1352
1353
1357
1360
1363
1364
1365
1369
1372
1376
1386
1392
1394
1400
1407
1420
1428
1433
1445
1457
1473
1475
1480
1481
1482
1485
1486
1497
1498
1502
1505
1508
1509
1512
1518
1524
1532
1536
1539
1545
1552
1554
1559
1565
1567
1574
1580
1581
1582
1583
1589
1595
1612
1620
1625
1629
1630
1646
1648
1657
1662
1671
1673
1674
1676
1682
1687
1701
1708
1724
1725
1729
1730
1731
1736
1737
1741
1748
1754
1755
1757
1758
1764
1775
1777
1782
1792
1795
1796
1797
1798
1808
1809
1818
1823
1826
1839
1845
1846
1848
1849
1852
1853
1860
1876
1877
1878
1879
1889
1894
1901
1902
1910
1913
1933
1939
1946
1947
1954
1958
1959
1965
1968
1984
1989
2011
2022
2023
2027
2038
2049
2052
2056
2058
2061
2062
2067
2081
2087
2093
2097
2098
2100
2108
2110
2113
2118
2123
2126
2151
2161
2171
2178
2195
2199
2202
2209
2212
2215
2218
2219
2223
2225
2242
2245
2251
2259
2262
2271
2288
2289
2290
2296
2301
2305
2308
2313
2314
2321
2326
2328
2329
2353
2355
2356
2358
2375
2377
2381
2398
2403
2409
2411
2412
2413
2415
2431
2433
2439
2441
2442
2455
2459
2464
2467
2481
2482
2516
2521
2522
2526
2542
2560
2562
2563
2580
2582
2589
2600
2637
2640
2641
2650
2652
2657
2661
2673
2675
2682
2692
2702
2704
2731
2733
2737
2738
2746
2747
2754
2756
2764
2767
2770
2774
2787
2792
2794
2799
2801
2806
2809
2811
2820
2833
2834
2842
2844
2856
2870
2875
2882
2884
2898
2905
2911
2916
2923
2935
2939
2941
2947
2949
2953
2955
2963
2967
2986
2990
2996
2998
3002
3005
3015
3016
3022
3032
3034
3038
3054
3058
3061
3063
3071
3072
3076
3078
3079
3092
3093
3094
3096
3101
3102
3104
3107
3110
3123
3130
3135
3136
3139
3143
3146
3163
3166
3182
3185
3187
3188
3189
3199
3218
3231
3233
3236
3241
3243
3245
3249
3251
3263
3276
3278
3282
3288
3297
3305
3310
3311
3313
3353
3357
3358
3361
3364
3365
3380
3391
3392
3393
3395
3400
3401
3402
3404
3405
3406
3408
3420
3426
3429
3430
3438
3441
3443
3446
3447
3449
3454
3456
3467
3468
3476
3485
3488
3489
3490
3493
3501
3505
3507
3508
3509
3512
3513
3528
3575
3578
3583
3600
3604
3606
3613
3618
3622
3633
3640
3641
3650
3651
3653
3654
3657
3658
3659
3663
3665
3666
3677
3690
3698
3699
3700
3707
3719
3723
3743
3745
3746
3747
3750
3751
3762
3771
3773
3777
3783
3784
3787
3789
3791
3794
3796
3800
3804
3806
3808
3810
3811
3818
3819
3820
3828
3831
3845
3847
3848
3852
3857
3866
3868
3874
3877
3879
3882
3883
3889
3891
3894
3895
3899
3901
3903
3913
3916
3930
3946
3953
3959
3967
3977
4010
4017
4029
4033
4034
4035
4044
4052
4055
4059
4065
4068
4080
4090
4097
4098
4101
4102
4107
4116
4118
4119
4127
4129
4130
4134
4135
4140
4143
4150
4159
4160
4166
4179
4192
4195
4208
4218
4223
4225
4232
4233
4238
4242
4244
4245
4249
4256
4261
4268
4286
4289
4296
4298
4308
4312
4313
4333
4335
4344
4347
4354
4365
4366
4378
4388
4393
4405
4407
4417
4425
4443
4445
4453
4460
4461
4463
4485
4487
4490
4493
4498
4500
4501
4505
4509
4513
4514
4527
4537
4554
4557
4569
4592
4595
4606
4607
4609
4612
4613
4618
4620
4626
4633
4641
4644
4648
4649
4655
4665
4671
4674
4675
4681
4683
4684
4689
4691
4694
4704
4709
4713
4715
4716
4731
4734
4742
4755
4756
4761
4770
4778
4786
4789
4798
4801
4805
4812
4813
4821
4823
4825
4831
4834
4837
4839
4846
4847
4850
4857
4859
4867
4870
4878
4881
4890
4894
4895
4899
4902
4903
4906
4907
4910
4919
4920
4921
4926
4930
4936
4947
4950
4951
4960
4975
4979
4981
4986
4990
4992
5000
5007
5011
5012
5013
5025
5031
5044
5047
5049
5050
5054
5056
5057
5061
5062
5063
5068
5073
5093
5107
5113
5114
5117
5118
5127
5133
5136
5140
5143
5144
5146
5147
5154
5156
5169
5192
5196
5197
5199
5213
5216
5223
5225
5229
5230
5251
5255
5259
5260
5262
5266
5267
5271
5272
5288
5289
5294
5306
5311
5338
5343
5358
5359
5373
5375
5380
5384
5386
5387
5417
5421
5422
5431
5432
5444
5456
5461
5462
5464
5481
5484
5492
5493
5495
5504
5523
5545
5546
5548
5556
5565
5573
5575
5576
5587
5599
5604
5605
5609
5611
5613
5614
5621
5622
5627
5631
5634
5653
5656
5663
5670
5682
5685
5694
5697
5703
5704
5708
5709
5711
5718
5723
5724
5733
5737
5738
5740
5746
5753
5754
5758
5780
5791
5792
5802
5803
5817
5820
5823
5830
5840
5845
5846
5864
5870
5873
5878
5879
5881
5893
5894
5898
5899
5901
5903
5911
5913
5921
5925
5926
5932
5939
5942
5946
5948
5950
5959
5968
5972
5973
5976
5978
5986
5990
5991
5998
6003
6004
6008
6012
6014
6027
6034
6056
6063
6066
6072
6076
6084
6097
6102
6104
6114
6116
6120
6124
6129
6134
6146
6149
6154
6180
6182
6199
6200
6206
6211
6233
6237
6238
6239
6265
6273
6280
6281
6282
6284
6287
6291
6316
6319
6322
6327
6334
6343
6346
6349
6350
6358
6361
6371
6373
6374
6375
6376
6393
6394
6398
6410
6418
6452
6455
6457
6458
6461
6477
6478
6484
6496
6503
6505
6509
6510
6513
6516
6518
6530
6538
6540
6543
6546
6547
6557
6575
6579
6583
6585
6589
6600
6601
6625
6626
6628
6636
6637
6642
6643
6660
6665
6672
6676
6677
6679
6682
6685
6694
6698
6699
6707
6715
6717
6723
6728
6730
6732
6740
6745
6746
6752
6767
6781
6789
6792
6794
6800
6809
6812
6814
6817
6820
6827
6835
6837
6849
6860
6862
6863
6866
6869
6878
6881
6891
6893
6906
6907
6914
6915
6918
6920
6926
6933
6941
6946
6951
6969
6975
6983
6988
6991
7004
7009
7010
7018
7025
7035
7058
7060
7073
7074
7078
7080
7086
7089
7090
7097
7100
7101
7117
7118
7121
7126
7131
7136
7137
7138
7141
7146
7147
7149
7156
7184
7185
7186
7191
7192
7204
7209
7214
7216
7220
7226
7228
7244
7251
7259
7274
7277
7279
7281
7282
7287
7288
7291
7298
7303
7326
7336
7344
7346
7348
7351
7353
7354
7358
7367
7376
7381
7394
7396
7407
7408
7419
7422
7433
7451
7455
7462
7464
7470
7474
7481
7483
7485
7486
7500
7501
7502
7509
7510
7519
7521
7530
7533
7540
7542
7559
7571
7575
7581
7587
7590
7593
7604
7619
7622
7630
7631
7637
7653
7662
7671
7672
7674
7677
7688
7702
7706
7711
7717
7720
7729
7750
7759
7760
7764
7771
7772
7775
7777
7778
7783
7789
7793
7794
7798
7816
7829
7854
7855
7859
7860
7863
7872
7881
7891
7901
7911
7912
7915
7921
7922
7924
7928
7929
7938
7942
7946
7954
7968
7972
7989
7991
