1717
259
39
1498
1733
631
555
741
1604
1759
144
1883
215
248
182
1319
1310
1285
689
1251
684
713
273
1517
1282
1485
190
1463
1890
1192
608
655
119
1524
809
1837
1940
1293
1144
739
1397
1867
728
319
162
389
526
1433
519
1605
1225
408
1197
70
1031
1410
547
736
891
1839
1131
1419
1581
160
550
122
1095
225
1058
472
1099
318
55
871
1090
317
487
99
593
402
1324
237
167
783
391
1550
1693
1896
778
1107
1619
233
584
1046
793
1507
1736
1384
217
1453
1358
1426
1606
1692
1902
540
545
522
1612
920
816
1119
400
1202
1233
1389
1311
32
477
606
64
1124
595
1023
152
1617
737
1710
1755
1007
901
1167
1714
836
1786
133
1393
1162
726
1154
1764
541
388
978
1700
1004
1684
1920
1930
673
668
79
1438
309
264
1529
1698
242
280
1635
1666
100
1227
1353
1897
568
844
960
528
1479
383
1500
164
1068
1815
899
1641
1468
1864
1370
1155
1241
209
756
1142
200
722
234
1379
544
690
885
727
46
1632
184
1964
272
1427
967
881
1409
1810
997
990
1734
208
1499
657
835
177
1530
1176
473
359
1695
1013
1484
1616
1211
843
969
458
830
1069
1421
0
815
1277
1322
1486
102
1297
1675
374
849
51
438
1012
1688
443
1763
659
149
78
1259
1401
84
530
599
1258
406
1374
538
1363
1538
688
1205
490
1406
567
311
991
909
1829
1528
678
529
1073
176
1915
232
1516
1452
660
1544
418
1338
1943
620
597
1937
947
159
466
1340
130
624
1775
252
1857
1855
1101
1416
1109
735
1179
724
3
1128
1903
392
719
1593
649
1371
512
1849
1219
1316
1203
900
1791
1441
11
360
285
1027
1505
1022
771
957
1253
1912
1450
454
1924
1467
1946
803
145
307
313
1851
20
231
1496
1408
1613
1458
1622
588
924
1153
1962
609
621
489
847
1618
1872
1842
19
1633
1990
265
1535
1166
766
679
502
1512
694
691
88
235
647
1977
204
1514
1040
1390
556
1691
1534
725
1215
975
1969
1377
1905
667
801
755
91
1127
520
840
841
945
201
1860
671
1112
1148
800
497
1392
1206
826
467
1165
751
748
954
1637
1900
1876
151
787
1367
1873
419
398
238
1238
1846
1699
222
305
1557
1882
26
380
329
1800
1160
482
483
775
431
106
1217
226
1177
1724
53
1690
1749
789
503
939
720
1760
369
263
1125
687
1899
932
361
156
291
1210
461
942
1731
1307
681
1590
535
1455
1237
27
1738
1598
154
1664
1488
1239
1931
1575
1093
1126
417
33
1981
513
1814
1784
506
984
914
1748
336
1140
1713
747
1871
998
1652
276
132
1723
1980
1569
951
437
1933
762
686
1318
1464
711
976
1504
112
594
1540
926
1171
279
1574
1168
1768
81
1863
340
1594
94
505
366
347
299
1994
376
1686
1745
1391
1352
574
1493
904
1102
1739
1448
49
1359
496
72
1270
1835
1730
1350
1631
464
1798
1951
601
1042
1696
1021
127
1024
1509
1368
83
1369
616
1228
1284
510
692
792
1732
1038
1545
531
1461
963
1059
764
1971
36
1862
414
906
1830
492
1552
1117
723
1886
791
869
210
1097
851
421
1345
1520
367
892
1669
511
1501
542
640
1651
759
919
1674
1778
656
321
765
197
1807
1523
1003
1000
1382
701
1992
817
1673
455
1803
1164
1439
1754
1460
1563
580
287
1267
77
1570
327
1355
1138
972
1321
1402
1356
831
135
1170
1204
508
1183
1052
1295
66
575
1223
250
1642
1281
1573