37
95
145
159
197
238
239
258
280
290
328
355
432
481
557
574
595
618
642
665
703
736
878
918
939
974
1032
1047
1175
1190
1269
1380
1393
1409
1439
1483
1535
1584
1600
1659
1680
1747
1842
2002
2007
2025
2028
2054
2107
2129
2131
2145
2154
2176
2228
2282
2306
2350
2372
2391
2460
2466
2564
2569
2629
2654
2727
2789
2791
2835
2843
2855
2869
2885
2896
2969
2971
2975
3074
3103
3122
3265
3268
3285
3362
3369
3415
3422
3486
3530
3535
3597
3621
3673
3684
3761
3830
3849
3880
3943
3950
3975
4146
4367
4373
4429
4465
4471
4518
4583
4646
4961
5051
5135
5152
5224
5268
5327
5328
5411
5426
5510
5574
5638
5657
5705
5706
5782
5825
5841
5900
5930
5983
6070
6087
6098
6101
6141
6222
6320
6445
6515
6621
6647
6653
6706
6718
6722
6766
6793
6884
6910
6913
6916
6922
6944
6952
7103
7159
7237
7285
7297
7356
7476
7488
7537
7557
7589
7636
7714
7810
7889
7935
7950
7982
