5
8
10
12
13
29
32
34
39
40
49
58
59
66
72
76
81
82
90
92
110
114
119
123
125
132
138
146
160
166
178
179
181
183
186
189
196
207
214
223
229
231
233
246
248
269
274
275
284
285
287
291
295
311
314
321
342
343
359
363
365
368
372
374
375
384
387
391
394
401
402
403
409
417
427
428
429
431
434
436
438
439
450
451
461
463
467
474
476
488
501
514
517
518
519
524
535
536
537
538
544
547
555
563
573
587
591
604
606
609
610
616
624
636
640
645
655
658
659
660
675
694
705
727
730
732
734
742
746
751
761
774
775
776
782
784
787
795
801
804
816
818
821
822
823
824
830
831
836
843
858
860
861
870
877
883
897
905
912
916
923
936
943
946
948
951
960
983
989
1013
1036
1040
1041
1045
1052
1061
1063
1069
1081
1087
1089
1102
1108
1118
1120
1130
1139
1149
1158
1167
1168
1187
1196
1199
1200
1215
1216
1218
1224
1227
1235
1238
1242
1244
1247
1248
1253
1257
1274
1275
1277
1286
1287
1290
1291
1298
1302
1304
1311
1314
1318
1323
1324
1325
1327
1329
1344
1348
1359
1361
1362
1368
1384
1388
1408
1415
1417
1423
1425
1426
1430
1431
1432
1441
1443
1447
1448
1450
1451
1453
1460
1470
1471
1478
1487
1490
1507
1515
1520
1537
1540
1541
1542
1547
1548
1573
1575
1579
1587
1591
1597
1598
1599
1609
1611
1613
1617
1619
1621
1626
1642
1643
1644
1647
1667
1669
1672
1685
1688
1692
1711
1718
1721
1722
1732
1734
1735
1738
1742
1745
1749
1750
1751
1753
1767
1768
1769
1776
1778
1794
1799
1801
1802
1806
1811
1812
1819
1822
1830
1835
1836
1838
1843
1862
1871
1880
1883
1890
1897
1898
1905
1909
1921
1922
1926
1928
1936
1940
1944
1960
1963
1967
1970
1976
1980
1987
1988
1990
1991
1992
1997
1998
2003
2008
2013
2021
2035
2036
2041
2045
2046
2050
2051
2053
2059
2060
2065
2066
2069
2070
2071
2086
2089
2090
2133
2143
2148
2157
2164
2170
2189
2191
2207
2211
2221
2227
2244
2246
2254
2255
2261
2265
2273
2291
2297
2300
2311
2318
2320
2359
2366
2368
2369
2373
2374
2380
2382
2383
2384
2389
2390
2401
2402
2405
2414
2423
2424
2425
2428
2429
2437
2444
2445
2448
2449
2453
2454
2458
2465
2472
2477
2480
2486
2488
2492
2496
2502
2506
2508
2513
2519
2520
2530
2533
2537
2539
2544
2551
2559
2576
2578
2587
2591
2594
2595
2598
2599
2606
2611
2612
2619
2622
2646
2651
2659
2660
2667
2672
2686
2688
2691
2696
2700
2711
2713
2718
2734
2742
2758
2768
2775
2777
2779
2780
2781
2785
2804
2808
2813
2821
2825
2850
2851
2853
2858
2860
2862
2871
2874
2876
2877
2889
2892
2894
2895
2901
2908
2912
2913
2914
2919
2920
2930
2937
2938
2948
2952
2957
2958
2961
2964
2965
2968
2974
2983
2984
2985
2992
3000
3009
3011
3023
3024
3025
3028
3033
3050
3053
3055
3056
3059
3062
3066
3068
3069
3073
3086
3091
3100
3105
3108
3111
3113
3115
3116
3131
3138
3141
3142
3152
3155
3158
3160
3162
3164
3165
3167
3169
3174
3181
3190
3198
3202
3203
3204
3206
3209
3212
3214
3215
3240
3248
3252
3257
3262
3269
3280
3295
3309
3323
3330
3336
3339
3343
3346
3348
3352
3363
3366
3367
3371
3375
3377
3381
3390
3396
3407
3423
3437
3445
3450
3459
3465
3470
3472
3480
3483
3499
3500
3506
3510
3511
3515
3520
3522
3525
3529
3533
3534
3539
3546
3548
3550
3559
3563
3566
3567
3570
3576
3580
3582
3585
3586
3588
3590
3607
3608
3610
3624
3627
3637
3639
3644
3652
3662
3664
3674
3675
3682
3683
3685
3687
3693
3695
3696
3702
3703
3704
3706
3712
3716
3718
3722
3725
3729
3740
3753
3757
3758
3767
3774
3780
3793
3795
3805
3814
3816
3822
3846
3853
3856
3861
3862
3865
3869
3872
3873
3884
3897
3902
3904
3910
3924
3927
3935
3951
3956
3961
3968
3970
3972
3983
3994
3996
4008
4009
4011
4012
4013
4019
4024
4025
4037
4042
4046
4049
4051
4058
4063
4072
4073
4075
4076
4077
4085
4089
4096
4099
4117
4123
4131
4136
4138
4145
4149
4161
4165
4167
4168
4173
4174
4175
4177
4183
4191
4193
4194
4196
4203
4211
4213
4220
4222
4226
4236
4237
4246
4250
4251
4252
4265
4269
4270
4273
4275
4276
4292
4299
4300
4302
4310
4315
4322
4327
4334
4342
4343
4348
4349
4350
4353
4359
4369
4374
4375
4382
4383
4389
4395
4397
4410
4411
4413
4414
4415
4419
4428
4430
4431
4433
4434
4451
4452
4468
4469
4474
4477
4480
4482
4484
4495
4497
4511
4515
4517
4530
4535
4540
4542
4546
4552
4560
4561
4565
4576
4578
4584
4587
4602
4610
4611
4616
4627
4632
4634
4635
4637
4642
4651
4654
4667
4680
4688
4702
4703
4705
4710
4721
4725
4727
4730
4741
4745
4750
4751
4759
4766
4774
4776
4780
4782
4787
4791
4803
4809
4816
4817
4819
4820
4822
4829
4838
4848
4853
4863
4869
4887
4897
4916
4918
4928
4929
4935
4941
4942
4954
4957
4958
4964
4966
4968
4971
4987
4993
4994
4999
5014
5018
5022
5023
5027
5028
5032
5036
5043
5052
5055
5060
5064
5071
5074
5079
5080
5083
5087
5088
5095
5101
5103
5104
5105
5108
5120
5122
5123
5129
5137
5145
5151
5155
5162
5163
5170
5176
5186
5193
5202
5205
5207
5208
5210
5211
5220
5228
5232
5233
5237
5244
5245
5252
5258
5269
5275
5278
5280
5295
5298
5309
5313
5317
5320
5322
5330
5332
5345
5360
5361
5363
5371
5381
5382
5385
5391
5394
5400
5403
5405
5410
5412
5413
5415
5419
5436
5438
5445
5446
5454
5458
5477
5483
5489
5497
5505
5506
5507
5512
5513
5517
5521
5522
5527
5535
5540
5541
5554
5562
5564
5570
5588
5590
5597
5598
5603
5606
5617
5624
5625
5632
5633
5637
5641
5647
5649
5666
5671
5672
5676
5689
5699
5714
5719
5721
5734
5735
5741
5752
5757
5760
5765
5772
5781
5783
5787
5793
5799
5805
5807
5810
5811
5812
5813
5814
5827
5832
5834
5842
5848
5849
5851
5853
5857
5865
5868
5875
5886
5890
5897
5912
5914
5915
5919
5920
5928
5933
5936
5938
5944
5949
5952
5954
5957
5958
5964
5971
5980
5987
5989
5992
5994
6031
6041
6044
6048
6049
6053
6062
6068
6069
6078
6085
6095
6100
6103
6105
6107
6108
6111
6117
6127
6136
6139
6148
6155
6158
6162
6183
6192
6196
6207
6210
6213
6220
6227
6229
6230
6232
6234
6244
6246
6248
6249
6251
6256
6260
6264
6268
6285
6305
6307
6308
6311
6314
6317
6318
6329
6335
6337
6340
6345
6348
6352
6356
6379
6380
6382
6383
6385
6392
6396
6406
6407
6409
6413
6421
6428
6429
6438
6440
6443
6444
6454
6466
6470
6474
6475
6480
6483
6487
6491
6498
6507
6514
6528
6529
6532
6541
6542
6549
6553
6555
6556
6561
6565
6570
6571
6576
6578
6580
6586
6590
6591
6603
6619
6623
6632
6639
6640
6645
6652
6662
6667
6680
6690
6692
6697
6713
6720
6726
6749
6750
6751
6754
6755
6757
6765
6773
6778
6787
6791
6806
6815
6818
6825
6826
6831
6842
6845
6850
6851
6854
6856
6861
6871
6874
6879
6880
6889
6896
6899
6905
6909
6927
6937
6939
6943
6955
6961
6964
6965
6973
6984
6986
6990
7000
7001
7023
7024
7028
7030
7031
7037
7039
7041
7042
7044
7051
7053
7059
7065
7067
7075
7087
7088
7107
7110
7115
7122
7124
7125
7128
7129
7134
7140
7152
7154
7155
7158
7160
7161
7164
7170
7178
7183
7189
7196
7208
7218
7221
7229
7232
7235
7236
7238
7246
7247
7261
7266
7270
7275
7293
7294
7308
7309
7317
7318
7321
7333
7334
7339
7349
7366
7368
7377
7378
7383
7389
7391
7402
7404
7418
7424
7430
7432
7434
7442
7444
7447
7461
7467
7471
7479
7480
7482
7493
7495
7498
7507
7522
7523
7532
7538
7544
7545
7547
7566
7572
7588
7592
7602
7605
7606
7613
7616
7643
7645
7648
7658
7666
7670
7697
7707
7708
7716
7721
7730
7733
7734
7740
7742
7743
7749
7754
7763
7773
7786
7795
7799
7800
7802
7803
7805
7806
7812
7813
7817
7818
7819
7827
7832
7834
7839
7849
7851
7857
7864
7871
7874
7876
7879
7887
7893
7896
7899
7903
7909
7913
7917
7934
7944
7945
7957
7965
7966
7970
7973
7977
7979
7981
7983
7984
7994
7996
7997
7998
