1208
1546
1621
2063
820
1424
429
39
1050
1284
1007
898
1925
955
203
1827
636
1214
132
1813
1699
927
1090
1846
1390
2045
1408
325
821
157
1941
719
278
614
128
1001
1567
1921
875
1073
1956
772
930
560
1212
216
1032
1116
703
243
1922
470
1817
1217
741
1229
1203
997
818
1884
1617
1114
156
1043
1186
1685
106
768
104
1029
110
1909
296
244
1506
1924
26
30
975
395
1826
1351
420
509
1192
1202
27
574
658
1816
1329
365
1848
900
631
1264
907
919
1972
196
709
549
1187
1160
98
1810
597
959
2086
1017
615
268
314
847
2027
594
107
1226
1499
1230
918
598
1224
1893
595
185
2046
356
948
148
161
989
1673
1701
228
1251
1121
974
705
1712
1359
1530
1242
233
895
885
16
1385
2007
623
172
1211
2036
1458
1686
1523
1087
1780
1368
37
2073
1643
1143
926
2023
1561
1081
1796
1188
292
1062
891
189
271
1973
439
857
43
1088
1580
1800
284
258
1404
1311
211
699
318
340
1221
50
654
1326
282
655
1373
977
1133
1570
1977
1065
540
1836
2010
1663
946
580
973
1097
1533
710
493
1094
112
1897
1200
1177
311
1416
1248
440
421
1692
350
1805
1652
827
1647
517
2049
169
1072
236
1356
561
883
1623
66
2076
120
1798
1966
1630
1680
1939
533
676
427
1004
1721
1541
764
250
571
2089
1234
1575
1218
373
1715
1504
343
2017
1532
36
987
368
1488
396
928
1657
219
1441
858
1633
1197
587
275
2054
267
851
1055
1601
1629
1745
1738
63
1631
307
478
617
983
1795
1243
1863
1747
6
1333
888
786
1436
788
775
1199
635
2088
734
443
1147
1984
532
1149
679
1948
1342
238
1755
1748
1785
874
1292
1495
769
412
194
1619
1746
423
2081
797
1714
726
1432
93
1184
257
536
752
44
529
1126
1514
1861
795
1339
1773
1572
457
954
287
225
324
641
1671
2087
1599
1729
1163
441
717
743
1978
1614
1492
931
970
1693
674
1463
1865
687
240
1382
57
802
1550
177
1665
969
229
125
235
21
1828
1866
794
1770
1413
651
217
585
475
1754
1434
685
1266
200
304
1393
1366
1325
672
140
143
588
1225
1254
864
1014
1743
1859
1889
1690
855
1040
686
1526
201
663
381
431
1019
1598
1778
1713
1127
109
380
993
1433
273
691
1586
1790
12
298
485
1794
1793
992
1423
367
497
1412
2039
621
1687
1303
976
2056
1330
1756
1181
1907
1766
1415
101
32
14
627
704
563
154
456
1916
1616
1421
869
1838
1551
646
884
1381
747
933
690
1051
697
426
887
1110
1048
428
77
1484
1547
152
1417
385
724
1537
1497
2058
831
2050
860
1904
2041
1653
511