1449
288
1610
666
1271
2084
1152
1431
1615
1927
51
1784
668
1675
2062
494
552
645
1910
1089
592
342
921
134
205
2082
1919
1227
1278
1847
1168
1820
1102
1293
338
1661
259
2055
363
2002
2053
1015
1782
214
329
590
1704
46
541
848
1389
1691
192
1940
1061
260
1343
455
873
1128
252
508
1552
1096
1765
1093
1020
1438
693
826
1395
1912
1986
862
1464
810
601
1272
1402
1503
1520
1420
115
1279
1281
1603
424
1992
1075
1528
1069
220
187
2009
1656
319
1613
1818
53
762
1237
944
1189
1970
1964
2032
402
1718
1374
1178
1593
1831
362
1682
1519
119
1960
1606
331
986
1398
437
961
1023
1443
1888
805
1068
629
1763
1010
1201
1414
1167
81
1206
1579
1394
1979
181
78
1918
836
1422
578
966
1720
406
1923
375
845
2051
1156
1098
925
1767
706
2044
326
224
425
1429
789
339
1336
1031
1684
1522
766
322
213
360
1875
38
2043
728
242
1306
2070
1009
122
301
1360
1145
683
936
1809
2
1934
230
516
349
1253
0
1263
1914
599
1920
1880
1477
166
1641
1340
114
995
1045
52
1588
1427
550
2026
379
327
1383
1291
195
718
263
1396
899
1667
1996
279
2072
436
1245
245
1486
67
867
1037
1086
111
449
1824
315
779
1215
568
1112
1949
755
1958
1917
1965
605
584
1668
920
720
1331
1679
1312
499
702
253
1807
1954
579
210
313
3
1702
1233
759
610
1991
790
204
1928
915
776
792
929
1063
2060
589
1447
1733
812
1556
732
1638
1370
2067
364
1132
657
1491
1737
1321
504
1913
1364
1722
1951
96
1998
1635
1319
1437
637
1911
1905
832
2083
2025
692
416
1067
1316
998
1935
782
1338
231
409
985
1249
1536
556
1300
308
680
153
825
748
1929
1674
95
510
1622
1931
573
846
1348
1117
2011
981
1236
208
1493
602
1515
1033
669
796
806
1719
1053
1883
754
58
1452
612
604
1879
1804
446
399
1655
145
1903
2075
100
539
191
146
54
1142
274
1210
696
1216
1179
756
383
377
1047
817
1632
1275
488
465
1483
2040
722
670
13
1479
760
1892
468
1612
469
1305
1304
1400
1460
1241
458
784
835
1776
61
1387
1508
1467
479
1937
202
1987
1501
405
684
521
1669
849
937
916
564
531
1352
951
1478
520
725
1788
865
707
1021
127
2074
1446
1456
1881
515
1419
430
518
1418
175
1775
1538
448
190
1946
310
841
1173
491
2085
91
270
1637
1120
312
407
1496
1268
1111
1139
72
1843
1108
569
1839
596
1582
474
519
351
1046
87
912
1470
965
622
1066
567
1774
221
1562
1899
1137
1543
1837
1288
904
414
2015
1736
737
843
1877
665
2005
1175
1527
86