1222
1923
549
1719
1262
363
301
1916
1137
937
1861
669
1836
996
1789
1966
896
1483
923
1705
638
1658
1098
57
1908
583
953
1417
10
838
1997
1610
183
1874
1703
1603
1957
1066
796
1396
1579
658
1663
258
1661
1804
286
760
111
65
1252
43
548
925
1306
1372
1660
927
1336
1878
946
845
1063
1934
1591
921
138
128
1838
999
613
746
31
158
1088
1275
1595
929
161
40
1608
1265
475
282
1788
1423
1805
1019
395
1596
1360
1925
563
1256
1018
1541
1558
1231
853
446
484
910
1280
355
1556
1706
1655
752
1044
247
1308
1135
1671
696
415
1624
1405
837
861
1236
37
514
1774
1982
1299
1955
1273
894
554
534
1169
163
1335
1653
1268
772
1893
1191
992
1337
1383
1772
623
1255
451
342
315
1960
1240
485
1247
1645
1327
1351
877
62
903
429
1366
1936
1865
552
758
761
1195
907
1329
578
1032
1680
56
481
1096
721
85
1035
1364
412
1844
943
1643
1163
1782
1381
626
75
67
362
1449
1420
1212
633
1895
1378
1489
426
1134
470
306
1072
1634
1889
670
1602
1715
172
1958
912
166
303
1953
1828
1106
732
1005
1945
652
15
1995
536
136
269
905
1229
353
1158
1077
1806
358
1075
1566
642
757
577
214
1411
1777
16
371
850
1542
716
807
1152
373
1868
1751
1061
952
1987