1191
952
889
1344
546
1869
173
807
714
1989
118
1887
711
1260
1022
1490
910
1670
859
854
1294
1864
990
1323
116
1461
1162
1801
671
833
434
2047
1042
1056
1135
55
22
269
1386
1273
1981
1518
391
1540
388
1337
151
369
652
1013
1454
620
1708
464
1723
957
1554
178
870
1471
996
1645
415
1472
570
332
1138
70
638
76
1161
662
1867
1728
495
979
303
745
1511
914
397
1517
184
538
1085
2020
266
1895
593
1301
715
1660
1590
1091
280
1659
1988
354
1597
149
155
353
1521
1873
2052
1688
842
1375
896
1194
2004
554
811
906
1005
2018
980
982
2035
1636
1198
1361
2064
1698
1100
1851
1358
1627
223
787
408
29
1287
1158
1574
507
923
498
2014
370
1852
1459
305
392
1190
1295
1379
781
1231
1481
1860
577
582
600
804
1204
1125
1507
551
542
739
1049
1016
121
317
438
1812
1626
1435
502
1811
994
1573
701
2094
64
1908
940
1759
1705
618
1265
774
183
447
1560
749
139
1401
824
837
2003
744
698
984
1074
1854
1833
816
1320
302
963
2048
555
656
2098
102
801
1109
141
483
1584
1771
763
25
346
254
1697
815
445
1725
1815
1625
69
681
1724
56
530
1789
1012
1205
5
1426
1285
1853
608
227
400
1500
1942
1195
1060
454
1269
742
1857
1119
938
1549
2099
1169
730
411
170
188
372
1502
773
2069
1760
209
193
484
572
783
337
1148
1757
1823
642
1717
1475
321
387
1282
1640
708
1505
435
355
2008
2061
901
1317
1070
1577
1600
1105
382
1155
1150
949
264
482
413
609
283
878
1902
1571
28
903
476
4
1403
640
591
924
736
323
1752
838
1455
1165
1247
461
1280
1232
239
1080
1302
1107
881
1220
886
336
1209
839
176
1962
1318
1658
2093
226
1950
1783
255
1578
158
59
1129
1957
1797
917
1440
673
1548
1024
352
1035
358
1947
1878
222
1677
15
1709
1845
1410
1850
1731
1968
306
1084
2071
1695
1439
1741
165
535
1605
1856
1036
647
167
361
398
1644
1529
113
410
2034
131
1639
626
1307
1082
512
123
934
41
1101
999
1334
1974
575
649
174
1369
481
1672
1406
1524
8
359
272
909
1565
171
1768
897
761
1871
960
727
879
74
1822
765
771
80
1296
1739
1539
1347
1662
1026
1764
182
1498
1609
1944
163
2090
1392
543
334
1535
1569
79
453
1367
1130
1734
73
1365
82
1207
1310
333
890
1363
1534
506
1146
2038
218
716
460
1003
316
1144
905
1707
1959
1164
1270
19
1732
1841
501
822
746
1235
160
45
150
1559
809
583
968
632
1676
856
1309
1545
180
403
34
1664
740
344
803
1324
633
490
285
700
524
770
1341
1933
135
1297
1083
1803
1354
1906
1411
1602
558
1525
277
1246
1473
108
2019
2037
894
1876
613
1994
729
212
1494
1703
939
1791
1716
1476
1362
505
660
1262
1862
1649
1681
1758
1153
1642
2000
634
1038
90
1405
1611
1485
450
1106
452
1955
1891
1276
1872
1740
1277
562
1255
688
1700
767
1011
1710
1985
677
1079
2031
1448
168
1174
1377
130
1286
290
1077
247
1983
1059
1654
418
526
2066
682
281
371
757
1953
840
1388
1159
863
798
1118
1779
721
1124
1122
251
1694
1349