3
4
11
20
25
33
45
48
52
55
60
63
69
70
73
74
77
87
104
109
111
115
116
117
120
124
128
130
161
164
165
168
169
170
171
173
174
175
177
195
198
202
205
208
216
222
226
237
240
247
267
268
279
297
300
305
306
307
317
325
329
339
347
348
351
354
361
366
371
376
385
388
392
408
418
422
433
443
448
449
464
469
480
493
494
509
515
520
527
531
548
562
570
571
572
585
586
590
594
598
621
623
625
626
631
632
634
653
662
672
674
682
683
684
689
696
708
716
726
728
733
743
754
755
760
765
766
769
773
778
785
789
791
802
805
807
810
815
819
827
838
839
844
849
852
853
857
871
872
873
880
882
886
891
893
909
924
925
928
930
935
938
940
942
945
954
955
957
963
964
966
968
969
972
979
991
992
996
1003
1007
1009
1011
1012
1016
1017
1018
1024
1029
1034
1044
1048
1050
1053
1055
1057
1067
1075
1079
1080
1103
1109
1112
1114
1116
1122
1124
1126
1129
1143
1145
1146
1147
1148
1150
1174
1178
1180
1181
1185
1186
1195
1197
1202
1226
1241
1243
1246
1249
1251
1252
1256
1263
1264
1268
1294
1306
1308
1313
1319
1321
1322
1332
1333
1337
1358
1366
1371
1399
1402
1403
1411
1412
1413
1414
1416
1419
1422
1424
1427
1438
1440
1442
1462
1464
1474
1484
1488
1489
1492
1500
1506
1510
1517
1519
1522
1525
1530
1550
1551
1558
1562
1564
1577
1586
1593
1596
1603
1604
1606
1608
1615
1618
1622
1627
1628
1631
1636
1637
1639
1652
1655
1663
1668
1686
1690
1691
1693
1696
1699
1704
1713
1720
1728
1740
1746
1759
1760
1766
1771
1773
1785
1786
1790
1820
1821
1827
1829
1834
1841
1855
1856
1857
1861
1863
1864
1870
1873
1884
1886
1887
1888
1891
1893
1906
1907
1917
1929
1931
1937
1938
1945
1951
1956
1962
1969
1971
1973
1974
1975
1993
1994
1995
1996
2004
2006
2009
2014
2016
2024
2031
2037
2040
2068
2073
2083
2084
2092
2094
2099
2105
2111
2114
2116
2128
2138
2139
2140
2142
2146
2150
2156
2160
2163
2167
2179
2183
2184
2186
2192
2193
2194
2198
2203
2213
2224
2229
2231
2233
2238
2241
2249
2250
2270
2274
2276
2277
2278
2280
2287
2303
2316
2323
2327
2331
2335
2338
2339
2345
2351
2360
2361
2364
2378
2386
2387
2392
2394
2408
2410
2427
2432
2443
2447
2452
2457
2462
2470
2473
2475
2476
2484
2491
2494
2498
2500
2515
2525
2528
2531
2532
2534
2541
2546
2548
2550
2555
2566
2567
2571
2572
2573
2579
2583
2584
2585
2597
2601
2604
2605
2607
2610
2615
2616
2617
2623
2626
2628
2638
2644
2645
2648
2662
2663
2666
2674
2676
2678
2683
2685
2687
2694
2698
2703
2716
2717
2719
2720
2721
2724
2726
2730
2743
2744
2748
2757
2762
2772
2776
2783
2800
2802
2805
2816
2817
2827
2830
2838
2846
2848
2859
2861
2872
2880
2883
2887
2888
2890
2893
2900
2907
2909
2915
2917
2924
2927
2950
2951
2956
2962
2977
2981
2987
2991
2999
3008
3010
3029
3030
3037
3039
3045
3046
3049
3051
3052
3060
3075
3080
3089
3099
3117
3124
3134
3144
3145
3148
3153
3157
3172
3184
3205
3208
3210
3225
3226
3228
3229
3234
3238
3242
3250
3253
3255
3266
3270
3275
3281
3289
3290
3301
3303
3324
3328
3331
3333
3345
3350
3372
3374
3378
3379
3384
3386
3388
3398
3413
3417
3419
3421
3425
3433
3439
3442
3461
3474
3475
3477
3484
3492
3494
3502
3514
3526
3531
3536
3537
3538
3541
3544
3549
3557
3564
3565
3579
3581
3591
3595
3596
3601
3615
3625
3631
3634
3635
3647
3648
3655
3661
3668
3671
3676
3681
3688
3691
3692
3694
3697
3710
3717
3728
3731
3733
3736
3737
3742
3752
3754
3755
3756
3765
3768
3782
3788
3797
3801
3807
3815
3825
3832
3837
3840
3860
3867
3871
3875
3888
3898
3900
3908
3909
3911
3912
3917
3918
3919
3920
3921
3931
3932
3937
3939
3942
3944
3945
3948
3954
3957
3964
3969
3971
3978
3986
3995
4000
4014
4020
4028
4040
4041
4045
4047
4053
4056
4060
4062
4064
4071
4074
4088
4106
4113
4120
4125
4152
4185
4188
4198
4200
4201
4202
4206
4212
4217
4219
4224
4241
4243
4248
4254
4259
4260
4262
4277
4282
4287
4288
4294
4305
4306
4324
4326
4328
4341
4351
4352
4356
4362
4364
4368
4371
4384
4385
4390
4399
4401
4406
4423
4424
4427
4435
4436
4437
4439
4440
4446
4481
4491
4506
4510
4519
4523
4534
4545
4548
4550
4553
4558
4559
4580
4586
4617
4619
4625
4629
4631
4639
4658
4662
4666
4682
4690
4706
4719
4723
4726
4729
4733
4738
4739
4749
4754
4758
4762
4767
4772
4777
4792
4793
4797
4802
4807
4810
4814
4815
4818
4826
4830
4841
4845
4852
4865
4866
4874
4877
4880
4882
4885
4889
4892
4893
4896
4905
4911
4922
4923
4931
4938
4939
4944
4949
4952
4974
4982
4996
4997
5004
5009
5010
5015
5019
5038
5041
5046
5072
5076
5078
5081
5082
5085
5089
5092
5094
5102
5106
5110
5115
5130
5134
5159
5160
5164
5171
5172
5177
5179
5180
5181
5185
5188
5189
5191
5195
5200
5206
5217
5221
5222
5231
5234
5238
5241
5242
5243
5253
5263
5264
5273
5277
5279
5283
5292
5296
5299
5302
5303
5307
5308
5319
5324
5331
5346
5349
5353
5355
5366
5377
5379
5383
5388
5392
5399
5401
5404
5409
5416
5424
5427
5428
5439
5448
5449
5452
5453
5471
5472
5473
5478
5486
5488
5490
5494
5500
5508
5515
5516
5518
5519
5531
5532
5536
5538
5542
5557
5558
5559
5560
5566
5567
5579
5581
5582
5585
5591
5592
5595
5602
5615
5618
5619
5620
5629
5630
5636
5643
5648
5652
5658
5659
5661
5664
5665
5669
5679
5680
5681
5684
5688
5693
5712
5716
5728
5729
5730
5731
5736
5744
5747
5749
5751
5761
5764
5766
5777
5778
5784
5789
5796
5800
5809
5819
5824
5826
5835
5837
5838
5844
5855
5856
5860
5871
5872
5874
5884
5885
5887
5895
5896
5902
5905
5908
5923
5934
5935
5947
5960
5961
5965
5969
5970
5993
5997
6000
6002
6005
6006
6018
6019
6022
6023
6030
6033
6035
6036
6054
6061
6073
6079
6081
6086
6089
6093
6109
6113
6126
6128
6138
6140
6152
6157
6163
6169
6170
6177
6185
6186
6189
6190
6191
6198
6201
6203
6205
6215
6217
6221
6231
6236
6242
6245
6250
6252
6261
6263
6272
6275
6277
6278
6283
6293
6294
6295
6298
6299
6300
6303
6304
6310
6312
6315
6324
6332
6333
6336
6344
6351
6364
6366
6369
6372
6386
6397
6399
6402
6403
6405
6414
6419
6427
6432
6435
6448
6449
6459
6465
6467
6471
6482
6485
6497
6500
6508
6519
6522
6525
6537
6539
6545
6550
6560
6563
6568
6574
6584
6587
6588
6592
6593
6596
6599
6606
6611
6612
6613
6614
6615
6631
6638
6641
6644
6659
6668
6669
6671
6675
6687
6689
6710
6712
6719
6721
6734
6738
6739
6743
6759
6768
6774
6776
6788
6790
6799
6803
6804
6807
6822
6824
6836
6843
6844
6855
6857
6859
6868
6875
6890
6901
6902
6903
6919
6921
6923
6924
6925
6929
6938
6940
6942
6949
6950
6954
6959
6970
6971
6980
6989
6992
6994
7002
7003
7005
7008
7013
7017
7019
7020
7027
7048
7054
7068
7071
7077
7079
7091
7096
7102
7104
7106
7108
7114
7123
7132
7133
7143
7151
7153
7163
7167
7171
7176
7177
7180
7181
7199
7203
7212
7223
7224
7225
7227
7239
7240
7242
7254
7255
7256
7260
7262
7263
7271
7272
7276
7299
7307
7312
7313
7325
7329
7335
7342
7345
7355
7364
7370
7372
7384
7388
7390
7395
7398
7399
7401
7410
7411
7412
7415
7416
7423
7428
7431
7439
7440
7441
7445
7448
7459
7466
7475
7484
7490
7499
7503
7504
7506
7514
7515
7517
7518
7534
7536
7539
7541
7553
7556
7558
7561
7567
7569
7583
7596
7597
7598
7599
7600
7603
7608
7615
7620
7626
7629
7642
7647
7649
7651
7660
7669
7675
7679
7680
7682
7687
7689
7690
7691
7692
7698
7705
7718
7719
7722
7724
7726
7728
7732
7739
7741
7744
7746
7753
7757
7758
7765
7788
7808
7820
7821
7822
7824
7825
7837
7838
7842
7853
7856
7862
7865
7868
7875
7877
7878
7892
7894
7897
7902
7904
7905
7910
7919
7930
7932
7936
7940
7941
7943
7952
7961
7963
7964
7967
7969
7971
7976
7988
7993
