14
19
26
27
38
43
44
46
57
61
67
71
89
91
94
100
107
113
118
122
126
129
133
141
143
152
156
162
167
184
187
199
203
211
213
215
218
219
220
221
225
227
236
241
243
245
253
255
263
270
272
276
296
301
302
312
323
324
327
336
349
357
367
369
370
381
386
390
393
398
399
400
404
413
416
420
421
424
444
446
457
465
468
470
475
477
478
479
485
486
489
490
499
503
506
507
510
511
516
523
526
532
533
541
542
546
550
553
560
565
567
569
577
578
579
584
605
617
619
620
627
635
641
646
647
649
651
667
670
673
678
680
681
688
692
695
698
700
704
707
709
715
723
725
741
745
749
752
753
758
759
763
783
786
793
794
798
799
800
806
808
811
813
817
820
832
833
841
851
855
856
862
867
885
887
894
898
900
901
906
907
908
911
913
933
944
949
950
953
956
958
967
971
973
977
981
982
984
985
988
990
993
995
1000
1008
1022
1026
1037
1038
1042
1054
1058
1059
1062
1077
1084
1085
1091
1093
1095
1097
1098
1100
1106
1111
1115
1121
1127
1128
1134
1142
1151
1155
1157
1159
1169
1171
1177
1183
1204
1206
1208
1209
1212
1220
1228
1230
1231
1236
1240
1261
1267
1273
1279
1282
1283
1293
1300
1309
1310
1312
1320
1326
1328
1330
1334
1335
1338
1345
1347
1356
1370
1373
1374
1377
1378
1381
1382
1383
1385
1396
1398
1404
1410
1421
1435
1436
1449
1454
1455
1456
1463
1466
1467
1469
1477
1494
1503
1504
1511
1513
1521
1526
1527
1529
1538
1549
1556
1561
1568
1569
1570
1571
1576
1578
1592
1594
1601
1605
1638
1649
1650
1651
1654
1658
1661
1664
1675
1679
1694
1697
1700
1702
1705
1706
1709
1710
1712
1717
1723
1739
1752
1761
1763
1765
1770
1781
1783
1787
1800
1807
1813
1825
1828
1833
1840
1844
1847
1858
1859
1866
1868
1869
1874
1895
1900
1904
1914
1916
1918
1919
1920
1924
1925
1927
1930
1932
1941
1942
1949
1952
1955
1957
1964
1977
1978
1999
2001
2005
2010
2015
2020
2030
2033
2042
2044
2057
2063
2074
2078
2079
2080
2082
2088
2095
2101
2109
2119
2121
2137
2144
2149
2153
2159
2162
2168
2169
2172
2173
2177
2181
2185
2187
2190
2208
2210
2214
2216
2226
2234
2236
2237
2243
2247
2253
2256
2257
2258
2264
2266
2267
2279
2281
2284
2286
2292
2293
2295
2304
2312
2315
2317
2330
2332
2341
2342
2343
2347
2352
2354
2357
2363
2365
2370
2376
2379
2388
2393
2395
2396
2407
2416
2417
2419
2420
2421
2436
2438
2450
2451
2456
2461
2469
2471
2474
2478
2485
2487
2489
2490
2499
2501
2503
2504
2505
2509
2517
2518
2523
2524
2527
2535
2536
2552
2554
2556
2558
2574
2581
2586
2588
2592
2593
2596
2603
2609
2614
2624
2627
2633
2635
2642
2643
2647
2656
2664
2665
2669
2677
2689
2693
2699
2701
2706
2708
2714
2715
2722
2728
2732
2735
2736
2739
2741
2745
2749
2750
2751
2753
2759
2761
2763
2769
2773
2778
2784
2803
2814
2815
2822
2824
2826
2831
2840
2845
2854
2857
2863
2864
2865
2867
2873
2879
2897
2899
2903
2904
2921
2925
2926
2932
2934
2936
2940
2942
2954
2959
2960
2966
2970
2972
2980
2989
2995
3001
3014
3020
3021
3035
3043
3044
3047
3048
3064
3067
3070
3082
3088
3090
3097
3098
3106
3118
3126
3128
3129
3133
3137
3147
3151
3154
3159
3170
3171
3173
3175
3176
3177
3179
3180
3183
3191
3193
3194
3211
3216
3217
3222
3224
3230
3232
3235
3239
3254
3256
3258
3260
3264
3271
3272
3277
3284
3286
3291
3294
3296
3300
3307
3308
3315
3319
3320
3322
3326
3327
3332
3335
3337
3340
3341
3349
3355
3356
3360
3368
3373
3376
3382
3383
3385
3414
3424
3434
3440
3458
3463
3464
3466
3473
3479
3481
3482
3491
3497
3498
3504
3516
3518
3521
3523
3532
3542
3543
3545
3547
3551
3554
3556
3561
3568
3574
3584
3592
3594
3605
3609
3617
3619
3626
3628
3632
3642
3643
3646
3649
3656
3660
3667
3670
3672
3678
3680
3686
3701
3709
3715
3720
3726
3730
3739
3748
3759
3763
3764
3776
3778
3779
3781
3786
3792
3799
3803
3821
3826
3827
3844
3851
3854
3859
3863
3870
3876
3878
3885
3886
3892
3905
3914
3925
3933
3936
3940
3941
3947
3958
3962
3963
3966
3973
3976
3982
3985
3988
3999
4002
4003
4005
4006
4015
4018
4021
4031
4032
4036
4039
4043
4054
4061
4066
4067
4070
4084
4091
4094
4095
4104
4105
4108
4109
4115
4122
4137
4141
4144
4148
4154
4155
4156
4157
4158
4162
4164
4170
4178
4181
4182
4184
4186
4190
4199
4210
4214
4215
4221
4228
4229
4230
4231
4234
4235
4239
4240
4253
4255
4266
4267
4271
4274
4278
4279
4280
4283
4293
4295
4307
4311
4316
4320
4329
4332
4340
4358
4370
4379
4381
4386
4387
4394
4398
4403
4409
4418
4422
4438
4442
4444
4447
4450
4454
4457
4459
4462
4467
4475
4478
4479
4486
4489
4492
4496
4499
4507
4522
4526
4531
4532
4536
4538
4547
4549
4551
4555
4556
4562
4563
4564
4567
4570
4572
4574
4577
4579
4581
4585
4588
4591
4593
4594
4603
4604
4605
4608
4622
4624
4628
4636
4638
4645
4657
4660
4663
4668
4670
4678
4686
4687
4696
4697
4700
4701
4707
4708
4717
4720
4722
4736
4740
4753
4779
4785
4794
4800
4804
4806
4827
4832
4833
4842
4843
4854
4855
4858
4860
4861
4868
4871
4872
4873
4879
4884
4901
4904
4908
4909
4913
4914
4925
4933
4940
4943
4962
4967
4969
4970
4973
4977
4978
4980
4984
4985
4988
4989
4991
4995
5001
5002
5008
5016
5021
5026
5030
5034
5040
5042
5045
5058
5059
5066
5067
5069
5075
5098
5099
5111
5112
5116
5121
5124
5125
5128
5132
5141
5148
5153
5157
5161
5165
5166
5167
5174
5175
5182
5184
5198
5203
5209
5212
5214
5215
5227
5235
5239
5240
5247
5250
5256
5261
5276
5281
5284
5290
5291
5304
5305
5315
5316
5318
5329
5333
5337
5339
5340
5347
5350
5354
5356
5357
5362
5364
5365
5372
5378
5390
5397
5402
5406
5418
5425
5429
5433
5434
5441
5442
5450
5451
5455
5459
5465
5467
5468
5469
5476
5480
5496
5498
5499
5509
5511
5520
5525
5526
5528
5530
5534
5544
5547
5550
5551
5578
5580
5583
5584
5586
5589
5594
5596
5600
5601
5608
5612
5623
5640
5644
5646
5650
5667
5674
5675
5683
5686
5687
5690
5692
5696
5698
5702
5710
5715
5717
5726
5739
5742
5743
5745
5748
5750
5759
5767
5768
5769
5770
5773
5774
5775
5788
5795
5798
5801
5804
5806
5815
5821
5829
5831
5850
5858
5859
5862
5866
5867
5880
5882
5888
5909
5916
5927
5931
5937
5941
5943
5951
5956
5962
5966
5974
5977
5981
5985
6007
6009
6017
6021
6026
6028
6032
6038
6043
6045
6046
6051
6052
6058
6059
6060
6065
6067
6074
6080
6088
6090
6091
6092
6112
6123
6125
6130
6132
6135
6143
6144
6145
6150
6159
6172
6179
6184
6188
6202
6208
6209
6212
6216
6223
6224
6241
6243
6262
6266
6276
6286
6289
6301
6302
6309
6321
6323
6325
6326
6338
6341
6347
6354
6355
6357
6368
6370
6378
6387
6389
6390
6391
6400
6401
6416
6420
6422
6423
6425
6430
6431
6433
6434
6436
6439
6451
6456
6462
6463
6464
6479
6481
6489
6495
6499
6512
6517
6520
6526
6527
6534
6535
6548
6551
6554
6559
6562
6566
6569
6572
6573
6577
6595
6604
6605
6607
6609
6617
6627
6630
6633
6635
6646
6649
6655
6658
6661
6664
6681
6683
6684
6686
6688
6691
6695
6702
6705
6708
6716
6733
6736
6737
6742
6747
6758
6762
6764
6771
6772
6777
6779
6782
6783
6784
6786
6797
6798
6805
6808
6813
6819
6821
6832
6834
6839
6841
6852
6865
6870
6877
6882
6886
6888
6894
6897
6898
6904
6932
6935
6953
6956
6957
6958
6966
6972
6979
6982
6985
6993
6997
6998
7011
7012
7015
7022
7029
7032
7033
7036
7038
7045
7046
7047
7049
7057
7069
7070
7072
7076
7083
7084
7093
7095
7109
7112
7119
7130
7157
7165
7172
7174
7179
7182
7187
7193
7195
7198
7200
7201
7202
7205
7206
7207
7217
7222
7230
7241
7245
7248
7258
7265
7268
7273
7280
7284
7289
7290
7300
7301
7302
7306
7315
7320
7323
7324
7331
7338
7341
7347
7350
7352
7357
7360
7362
7363
7371
7373
7393
7400
7409
7421
7425
7429
7449
7450
7452
7453
7456
7457
7463
7465
7472
7473
7478
7513
7516
7520
7528
7529
7535
7546
7548
7552
7555
7560
7564
7565
7568
7576
7577
7578
7591
7607
7617
7621
7623
7624
7633
7644
7650
7656
7659
7663
7676
7681
7685
7693
7695
7696
7699
7710
7712
7737
7767
7776
7781
7784
7787
7790
7791
7792
7796
7797
7826
7831
7835
7836
7840
7844
7845
7846
7848
7850
7852
7861
7867
7870
7873
7880
7882
7883
7884
7890
7898
7908
7918
7923
7925
7926
7937
7947
7949
7951
7955
7956
7958
7962
7975
7978
7986
7987
7990
7995
