18
35
56
78
96
98
108
135
137
153
176
200
217
251
264
266
273
277
281
304
309
333
350
360
435
455
459
466
471
492
513
592
622
657
702
719
748
835
863
869
910
980
987
997
1002
1006
1028
1030
1078
1083
1086
1101
1104
1163
1191
1259
1288
1295
1316
1354
1379
1479
1491
1516
1534
1553
1563
1602
1610
1616
1640
1684
1698
1716
1762
1780
1788
1815
1837
1872
1881
1892
1915
1935
1953
1979
1982
1985
2018
2076
2091
2122
2125
2130
2132
2134
2175
2182
2232
2252
2324
2334
2344
2404
2426
2440
2495
2497
2529
2540
2549
2561
2575
2602
2613
2625
2634
2690
2707
2710
2729
2755
2797
2818
2837
2866
2906
2929
2982
3017
3040
3041
3081
3084
3112
3267
3298
3342
3347
3389
3409
3410
3416
3432
3455
3517
3519
3540
3560
3569
3611
3623
3629
3738
3769
3770
3785
3817
3839
3858
3881
3922
3929
3938
3981
3991
3997
4007
4083
4114
4133
4142
4171
4187
4207
4272
4281
4297
4304
4317
4318
4331
4338
4346
4357
4361
4377
4472
4483
4488
4521
4533
4566
4573
4590
4597
4623
4640
4699
4712
4743
4760
4768
4771
4773
4795
4796
4849
4851
4876
4932
4937
4976
5005
5006
5053
5096
5109
5158
5201
5219
5248
5270
5285
5301
5336
5341
5368
5376
5389
5408
5437
5447
5460
5463
5479
5487
5533
5561
5568
5616
5628
5660
5673
5678
5725
5785
5790
5822
5843
5861
5889
5891
5918
5922
5953
5967
5995
6016
6029
6037
6050
6055
6057
6077
6082
6083
6094
6119
6137
6156
6175
6194
6197
6235
6240
6254
6259
6267
6270
6290
6292
6331
6415
6441
6447
6450
6460
6506
6523
6536
6558
6567
6597
6610
6620
6622
6629
6654
6670
6756
6761
6796
6828
6840
6864
6876
6930
6931
6947
6968
6976
6999
7014
7016
7120
7139
7142
7144
7249
7250
7257
7314
7332
7397
7413
7469
7531
7550
7551
7573
7574
7612
7634
7646
7652
7678
7751
7785
7807
7814
7815
7830
7833
7843
7895
7907
7914
7920
7939
7960
