1750
902
799
486
142
1840
294
932
1901
444
1480
850
1744
1030
1006
1592
18
945
1735
1975
1564
964
738
451
1451
124
1583
667
386
1624
661
1849
117
1620
586
723
293
1487
1666
1462
628
11
496
1751
9
557
1057
1885
1131
1238
1568
694
246
215
785
164
347
1134
17
256
1726
545
276
1882
1730
733
1076
1510
419
868
1825
1558
68
513
935
953
241
800
1442
525
882
1355
1193
1154
1971
834
422
376
1259
1469
1409
1835
83
1834
713
20
1376
1581
1646
1465
262
1513
10
625
1832
1380
1932
2022
1792
1830
844
1290
1990
689
576
861
624
675
2096
492
565
88
758
777
852
1219
1628
780
65
85
978
1516
1092
972
1182
528
138
1171
1002
500
829
1566
1018
1678
991
893
1943
23
1544
514
956
971
1468
1870
947
2021
1967
1054
527
712
394
866
1727
366
1428
197
1607
47
1553
1772
1596
1762
1099
1170
1180
1886
2059
1604
1335
1650
1228
7
1322
24
1261
1183
404
261
1185
1357
611
1802
648
988
1858
234
1034
1742
1711
1425
1576
1542
544
286
1829
808
1689
735
1071
1267
1384
466
199
1028
1509
753
2042
1256
92
941
1844
2057
1563
335
99
566
1489
967
1372
942
2012
2013
791
643
1696
144
1595
813
1976
731
162
1821
473
1868
853
232
958
1482
320
1450
1936
328
265
472
1123
345
1345
1587
1618
1995
442
553
237
1157
1898
1761
1378
1064
1113
1894
1842
1961
330
1445
1585
1052
1591
75
1213
462
378
1223
126
471
467
630
1244
644
1926
31
1314
548
616
1466
1683
659
71
871
1786
534
522
1787
1391
1000
89
962
33
943
950
477
1172
1874
487
2033
1289
911
433
1969
1250
2016
1930
1115
1283
1890
823
2001
393
60
1104
103
1781
133
2030
62
2091
1555
1350
1141
1274
297
1299
374
248
84
1407
1397
1982
1814
136
1240
94
1531
2095
1103
97
1095
1252
1308
49
559
35
830
1039
1915
1557
639
1706
2077
1945
401
1806
908
650
2024
1963
249
1176
1058
523
1
1855
1044
179
1166
1371
1999
678
1777
1819
892
389
876
1258
1151
390
186
1648
1327
1444
40
309
1997
1753
2080
1808
1430
459
1608
2029
778
1136
877
137
1239
2065
751
1346
289
1457
300
1900
291
1769
653
2092
819
159
1315
1474
913
607
1222
2068
432
880
480
1196
814
463
489
603
1993
417
48
1512
1140
695
206
295
1980
793
207
2078
2079
619
1332
606
341
922
348
1313
1399
547
2006
1041
384
664
581
357
1589
1008
1634
750
828
537
503
1027
105
1952
1025
1453
1078
1257
2028
2097
1651
1594
1799
198
147
299
1353
129
1749
1298
1328
42
1896
1938
872