297
738
948
5
1062
959
23
1085
827
1465
1346
1667
335
1525
1854
1264
153
795
1087
1727
1122
2
1812
448
95
480
1437
1313
1870
819
479
139
1034
89
249
1565
140
1041
379
1832
1559
198
1689
1145
1630
1716
1586
615
632
278
1116
290
245
1615
275
1074
1091
646
1935
1156
1422
605
1783
74
1400
874
1471
1968
878
399
1395
1646
58
500
196
1644
1983
1043
69
463
1781
1444
1081
1232
857
1190
862
191
1670
188
639
1011
255
1676
854
1048
1344
382
192
1323
1577
281
1996
1580
1399
73
165
1387
824
1271
325
1555
884
1434
1036
823
570
858
1546
779
794
1967
216
804
1850
1398
1414
189
1290
911
253
818
169
218
1343
1209
469
1304
439
1462
90
494
386
855
1436
1246
1184
1365
1746
1503
589
648
883
1216
1133
1809
1330
254
178
1459
257
289
440
1030
397
1576
553
557
1480
129
185
1111
1904
1567
1130
988
1880
186
1404
1894
175
351
381
1424
1918
1824
157
1858
1752
1917
1636
776
806
34
1045
1286
1017
97
676
898