6
7
16
21
23
24
28
31
41
42
65
79
84
85
86
101
103
105
106
121
131
134
136
139
140
151
182
210
212
228
234
249
250
254
259
260
261
262
265
271
278
282
298
299
313
319
330
337
340
341
344
356
382
406
414
419
440
441
452
456
460
497
498
502
504
505
508
521
540
545
561
564
568
575
580
582
583
596
599
600
601
607
608
614
615
629
630
637
643
644
654
676
677
679
686
690
691
697
710
711
717
718
721
731
738
739
740
750
772
779
780
790
792
809
812
814
829
845
850
874
889
890
899
915
919
926
929
931
934
941
947
952
962
965
976
986
998
999
1005
1014
1015
1021
1023
1046
1049
1051
1060
1064
1068
1076
1082
1088
1090
1099
1105
1110
1117
1123
1125
1131
1136
1144
1156
1164
1170
1172
1173
1176
1188
1201
1210
1211
1213
1219
1232
1233
1234
1237
1245
1250
1254
1255
1258
1271
1276
1281
1292
1299
1317
1339
1340
1341
1343
1349
1355
1367
1375
1387
1389
1391
1395
1401
1405
1406
1418
1429
1434
1446
1452
1461
1465
1468
1472
1476
1493
1495
1501
1523
1528
1531
1543
1544
1546
1555
1557
1566
1585
1590
1607
1614
1624
1633
1634
1635
1653
1656
1660
1677
1678
1681
1695
1707
1714
1715
1719
1727
1733
1743
1756
1772
1774
1779
1784
1789
1791
1793
1804
1805
1810
1814
1817
1824
1832
1850
1851
1854
1865
1867
1875
1882
1896
1899
1912
1923
1943
1948
1950
1966
1972
1981
1983
1986
2000
2012
2017
2026
2034
2039
2043
2055
2072
2075
2077
2085
2103
2104
2106
2115
2117
2120
2124
2127
2135
2136
2147
2152
2158
2165
2166
2174
2180
2196
2197
2200
2205
2217
2220
2235
2239
2248
2260
2263
2268
2269
2272
2275
2285
2298
2299
2307
2310
2319
2322
2325
2333
2337
2348
2349
2362
2367
2385
2397
2399
2406
2434
2435
2446
2463
2468
2483
2493
2511
2512
2514
2547
2557
2565
2577
2590
2608
2621
2630
2631
2632
2636
2639
2649
2655
2658
2668
2670
2671
2679
2680
2681
2684
2697
2705
2709
2712
2723
2740
2760
2765
2766
2771
2782
2786
2788
2795
2796
2798
2812
2819
2823
2836
2839
2841
2847
2849
2852
2868
2881
2891
2918
2922
2928
2931
2933
2943
2944
2945
2946
2973
2976
2978
2979
2988
2993
2994
2997
3003
3004
3007
3012
3013
3018
3019
3026
3027
3036
3057
3077
3083
3085
3087
3095
3109
3114
3120
3125
3127
3132
3140
3149
3150
3161
3192
3195
3200
3201
3207
3219
3220
3221
3223
3227
3237
3244
3246
3247
3261
3273
3274
3279
3287
3302
3304
3306
3312
3314
3316
3318
3321
3329
3334
3338
3344
3354
3359
3387
3397
3399
3403
3411
3418
3427
3428
3431
3435
3444
3448
3451
3452
3457
3462
3469
3478
3495
3496
3524
3527
3552
3553
3562
3571
3572
3573
3587
3589
3599
3603
3612
3614
3616
3620
3630
3636
3638
3645
3669
3679
3689
3705
3708
3711
3713
3714
3724
3727
3732
3734
3741
3744
3749
3760
3772
3775
3790
3809
3812
3813
3829
3833
3835
3838
3843
3850
3855
3893
3907
3923
3934
3952
3955
3965
3980
3984
3987
4004
4022
4023
4026
4027
4038
4048
4050
4069
4078
4079
4081
4087
4092
4093
4100
4103
4110
4111
4124
4126
4147
4151
4153
4169
4172
4176
4204
4205
4209
4216
4227
4263
4264
4284
4285
4290
4291
4301
4303
4309
4314
4319
4321
4325
4330
4336
4337
4355
4360
4363
4372
4376
4380
4391
4396
4400
4402
4404
4408
4412
4420
4421
4426
4432
4441
4448
4449
4456
4458
4464
4466
4470
4473
4502
4503
4504
4512
4516
4525
4529
4539
4541
4543
4568
4582
4589
4598
4614
4615
4621
4647
4650
4652
4659
4664
4669
4673
4677
4679
4685
4692
4693
4695
4698
4724
4728
4732
4735
4737
4747
4748
4757
4763
4764
4765
4769
4784
4788
4790
4799
4808
4811
4824
4828
4835
4836
4840
4856
4862
4883
4888
4891
4898
4912
4915
4917
4924
4927
4934
4945
4955
4956
4963
4965
4983
5017
5020
5024
5029
5033
5035
5037
5039
5048
5070
5077
5086
5090
5100
5119
5131
5138
5142
5149
5150
5173
5183
5190
5194
5204
5246
5249
5257
5265
5274
5282
5286
5287
5293
5297
5300
5310
5312
5314
5323
5325
5326
5342
5344
5348
5351
5367
5374
5393
5395
5396
5398
5414
5423
5440
5443
5457
5466
5470
5474
5475
5482
5503
5514
5524
5529
5537
5543
5552
5555
5563
5569
5572
5577
5607
5610
5642
5651
5654
5662
5668
5677
5691
5695
5700
5701
5713
5720
5722
5727
5756
5762
5763
5771
5776
5786
5794
5797
5808
5816
5828
5847
5854
5863
5869
5876
5877
5892
5904
5906
5907
5924
5929
5940
5945
5955
5963
5975
5982
5984
5988
5996
5999
6011
6015
6020
6024
6025
6039
6042
6071
6096
6110
6118
6121
6131
6133
6153
6161
6164
6166
6167
6168
6174
6178
6181
6187
6218
6219
6225
6226
6247
6257
6258
6269
6271
6274
6296
6297
6306
6328
6339
6342
6353
6359
6360
6362
6367
6377
6384
6388
6404
6408
6412
6417
6426
6446
6453
6469
6472
6476
6486
6488
6493
6501
6504
6511
6524
6531
6533
6544
6564
6581
6582
6594
6598
6602
6608
6624
6634
6650
6651
6657
6666
6673
6696
6701
6703
6709
6711
6714
6725
6727
6729
6735
6741
6744
6748
6753
6760
6763
6770
6780
6785
6795
6802
6811
6816
6829
6833
6838
6846
6847
6848
6858
6867
6872
6873
6883
6885
6895
6900
6908
6911
6912
6928
6936
6945
6960
6962
6974
6978
6981
6987
6995
6996
7021
7026
7034
7040
7043
7056
7061
7062
7064
7066
7082
7085
7092
7094
7098
7099
7105
7111
7113
7116
7145
7148
7162
7166
7168
7188
7194
7197
7210
7211
7231
7233
7252
7253
7267
7269
7278
7283
7286
7292
7295
7296
7304
7305
7310
7311
7322
7327
7328
7330
7337
7340
7343
7359
7365
7369
7374
7375
7382
7385
7386
7392
7414
7417
7420
7426
7427
7435
7436
7437
7446
7454
7458
7460
7468
7487
7491
7492
7496
7497
7505
7508
7511
7512
7526
7527
7543
7549
7554
7563
7570
7580
7582
7584
7585
7586
7595
7601
7609
7610
7611
7614
7627
7628
7632
7635
7654
7655
7657
7664
7665
7667
7668
7683
7684
7686
7694
7709
7715
7723
7727
7731
7735
7745
7747
7752
7756
7761
7766
7770
7804
7809
7811
7823
7828
7841
7858
7885
7886
7888
7900
7906
7916
7927
7931
7933
7959
7974
7980
7985
7992
7999
